3
4
5
23
26
33
39
51
52
53
58
60
64
66
70
75
76
77
78
79
81
86
93
95
96
97
100
107
110
121
122
129
130
133
137
143
146
151
163
164
166
170
173
176
177
181
182
193
196
201
203
204
206
210
211
212
227
228
231
232
233
235
236
241
244
245
250
255
257
261
266
275
276
278
281
287
295
301
305
315
317
318
342
349
353
356
359
363
368
371
372
380
381
386
389
392
397
400
403
407
409
412
419
421
434
449
451
452
455
457
466
468
469
472
473
479
482
486
489
490
491
499
500
511
513
515
521
522
527
534
537
543
551
554
555
562
566
572
586
590
593
598
602
615
625
637
646
647
650
651
652
653
657
662
666
670
673
684
688
689
691
700
710
719
724
726
732
746
749
751
753
754
755
762
764
768
769
776
779
782
784
785
789
794
798
800
811
813
820
822
843
845
849
853
855
861
862
879
885
887
890
892
894
901
907
908
917
929
931
935
936
938
940
945
948
952
954
960
962
965
976
989
991
992
993
994
996
998
999
1000
1003
1012
1016
1019
1020
1023
1031
1033
1035
1036
1040
1045
1049
1063
1066
1068
1069
1070
1077
1085
1088
1104
1109
1114
1116
1120
1128
1137
1138
1141
1144
1159
1172
1174
1180
1181
1182
1183
1191
1197
1211
1212
1214
1228
1231
1236
1240
1245
1247
1251
1260
1262
1264
1267
1274
1277
1280
1282
1286
1288
1291
1295
1296
1298
1301
1315
1322
1323
1342
1344
1354
1358
1359
1364
1371
1376
1381
1388
1393
1395
1396
1399
1412
1423
1425
1428
1439
1442
1452
1458
1465
1479
1481
1485
1486
1492
1498
1501
1503
1504
1506
1507
1526
1534
1536
1538
1540
1541
1544
1550
1553
1554
1559
1587
1588
1593
1600
1613
1620
1624
1633
1643
1666
1671
1673
1674
1689
1704
1707
1710
1718
1722
1728
1732
1735
1736
1737
1742
1744
1752
1759
1760
1762
1770
1776
1778
1784
1792
1798
1801
1832
1837
1841
1847
1854
1860
1865
1884
1886
1890
1896
1897
1900
1903
1913
1920
1923
1924
1937
1954
1956
1969
1972
1977
1981
1988
1989
1997
2002
2003
2006
2011
2014
2023
2024
2033
2040
2042
2043
2044
2045
2047
2050
2054
2056
2064
2065
2066
2074
2075
2084
2086
2089
2096
2098
2099
2100
2101
2108
2109
2115
2118
2122
2123
2128
2130
2132
2136
2140
2144
2149
2150
2151
2152
2164
2171
2186
2202
2204
2209
2210
2214
2238
2239
2241
2243
2249
2250
2267
2268
2269
2270
2292
2308
2309
2312
2315
2319
2320
2324
2330
2331
2339
2344
2345
2349
2352
2353
2354
2357
2362
2365
2374
2378
2382
2385
2400
2401
2403
2404
2417
2423
2427
2434
2446
2447
2448
2456
2460
2463
2466
2467
2468
2479
2482
2491
2494
2497
2501
2503
2505
2515
2519
2527
2533
2534
2539
2548
2551
2556
2561
2569
2578
2587
2591
2595
2596
2599
2607
2609
2619
2625
2627
2633
2641
2643
2647
2649
2650
2656
2658
2665
2674
2679
2687
2691
2697
2698
2707
2709
2710
2713
2714
2719
2727
2733
2742
2743
2746
2748
2749
2752
2753
2758
2769
2770
2771
2772
2774
2778
2786
2789
2792
2798
2799
2800
2811
2814
2817
2824
2826
2833
2837
2838
2839
2847
2848
2850
2857
2862
2867
2874
2875
2876
2881
2891
2895
2903
2905
2909
2912
2914
2915
2923
2928
2930
2935
2937
2941
2943
2953
2954
2967
2974
2976
2977
2986
2992
3004
3008
3010
3011
3020
3024
3026
3036
3039
3045
3046
3050
3059
3064
3067
3071
3073
3076
3080
3083
3085
3089
3091
3093
3094
3096
3102
3111
3113
3121
3129
3143
3157
3168
3175
3178
3179
3187
3189
3190
3194
3196
3200
3209
3218
3230
3236
3243
3247
3248
3258
3263
3264
3269
3277
3302
3317
3318
3321
3326
3327
3329
3333
3346
3360
3361
3363
3364
3370
3372
3378
3388
3404
3407
3409
3416
3426
3428
3435
3445
3452
3453
3457
3460
3464
3466
3469
3472
3477
3505
3508
3513
3515
3518
3521
3523
3529
3530
3536
3538
3539
3544
3563
3564
3573
3576
3577
3586
3589
3597
3599
3600
3606
3607
3610
3614
3618
3635
3637
3638
3648
3649
3652
3653
3658
3661
3663
3665
3674
3675
3678
3688
3689
3700
3701
3724
3725
3727
3731
3745
3746
3760
3764
3771
3777
3778
3781
3782
3783
3794
3802
3811
3817
3825
3827
3831
3852
3856
3862
3863
3866
3867
3876
3877
3881
3887
3890
3895
3903
3908
3912
3915
3917
3920
3922
3923
3934
3937
3940
3943
3946
3948
3953
3955
3956
3962
3968
3975
3989
3993
3995
3998
4003
4004
4009
4017
4021
4022
4023
4024
4033
4041
4047
4051
4052
4054
4057
4058
4059
4061
4062
4073
4074
4077
4078
4082
4084
4085
4087
4088
4095
4096
4103
4105
4109
4112
4114
4117
4125
4131
4137
4139
4152
4156
4157
4160
4172
4180
4181
4187
4190
4197
4198
4212
4232
4238
4245
4248
4254
4255
4256
4260
4263
4266
4267
4271
4279
4284
4288
4290
4296
4300
4302
4305
4312
4322
4327
4340
4346
4351
4353
4367
4370
4372
4382
4390
4392
4399
4406
4410
4420
4428
4432
4441
4443
4463
4466
4467
4470
4472
4476
4485
4497
4500
4501
4503
4506
4510
4512
4514
4521
4525
4527
4528
4543
4550
4556
4560
4567
4572
4578
4579
4591
4597
4599
4604
4606
4607
4614
4616
4624
4630
4638
4644
4645
4657
4664
4676
4680
4681
4682
4684
4692
4696
4697
4699
4703
4711
4715
4725
4726
4731
4733
4734
4735
4740
4747
4753
4754
4755
4758
4760
4775
4783
4787
4790
4792
4798
4800
4802
4815
4826
4828
4838
4839
4843
4852
4861
4867
4871
4877
4883
4884
4886
4887
4890
4895
4896
4897
4900
4902
4905
4906
4912
4915
4940
4943
4946
4952
4957
4959
4961
4963
4971
4981
4984
4996
4998
5015
5018
5026
5033
5036
5038
5039
5053
5060
5062
5065
5066
5067
5073
5081
5085
5098
5103
5110
5116
5117
5119
5130
5131
5132
5135
5136
5138
5139
5156
5158
5173
5176
5183
5185
5194
5195
5205
5208
5209
5214
5224
5231
5234
5236
5237
5238
5239
5242
5243
5249
5260
5271
5274
5287
5301
5306
5317
5319
5328
5329
5333
5336
5338
5341
5342
5343
5344
5347
5350
5356
5357
5360
5363
5366
5367
5374
5382
5393
5395
5400
5401
5403
5410
5413
5419
5420
5434
5437
5439
5446
5452
5453
5456
5463
5464
5468
5473
5474
5481
5489
5494
5498
5499
5504
5507
5515
5517
5527
5536
5543
5547
5562
5563
5564
5566
5569
5588
5592
5594
5611
5613
5620
5625
5630
5631
5635
5636
5639
5644
5645
5648
5649
5651
5656
5664
5673
5682
5692
5701
5714
5725
5734
5739
5746
5749
5752
5758
5760
5761
5762
5767
5775
5788
5789
5793
5794
5795
5799
5800
5815
5829
5830
5835
5845
5853
5854
5859
5869
5875
5878
5888
5899
5907
5912
5926
5930
5938
5941
5943
5945
5948
5953
5955
5958
5966
5973
5974
5983
5988
6003
6006
6020
6021
6023
6031
6034
6038
6039
6040
6043
6045
6050
6051
6060
6061
6066
6068
6070
6072
6073
6074
6076
6084
6101
6108
6117
6118
6121
6130
6133
6143
6149
6150
6152
6157
6161
6167
6174
6183
6191
6208
6209
6217
6228
6229
6232
6233
6235
6239
6242
6246
6247
6249
6252
6257
6260
6264
6271
6273
6275
6277
6282
6283
6284
6289
6293
6296
6301
6302
6304
6305
6313
6315
6319
6334
6337
6343
6344
6345
6347
6350
6353
6360
6392
6397
6402
6413
6416
6418
6433
6436
6443
6447
6448
6449
6458
6459
6462
6470
6472
6474
6479
6492
6496
6508
6510
6521
6522
6526
6529
6532
6534
6548
6554
6558
6565
6570
6578
6580
6586
6587
6591
6592
6595
6597
6610
6611
6612
6614
6627
6648
6649
6672
6682
6686
6687
6701
6705
6707
6710
6711
6714
6725
6730
6732
6733
6744
6746
6749
6750
6751
6754
6755
6758
6764
6774
6798
6799
6804
6805
6810
6816
6817
6819
6820
6821
6822
6827
6829
6833
6840
6841
6842
6848
6856
6860
6862
6866
6870
6873
6874
6875
6883
6896
6901
6912
6913
6924
6935
6942
6946
6951
6953
6954
6973
6974
6975
6982
6983
6985
7001
7004
7011
7023
7028
7030
7033
7038
7041
7048
7049
7055
7065
7067
7068
7070
7074
7077
7078
7082
7084
7086
7093
7106
7126
7130
7136
7147
7149
7154
7159
7160
7162
7170
7172
7175
7176
7185
7188
7192
7196
7200
7204
7209
7211
7231
7238
7245
7249
7262
7266
7273
7276
7280
7283
7284
7285
7293
7300
7301
7308
7315
7319
7321
7342
7345
7347
7348
7364
7366
7374
7376
7379
7384
7387
7388
7389
7390
7393
7398
7399
7400
7401
7403
7405
7406
7408
7410
7412
7419
7425
7427
7429
7432
7445
7451
7452
7454
7455
7464
7467
7469
7471
7475
7477
7479
7486
7497
7500
7502
7508
7511
7513
7516
7539
7540
7541
7554
7560
7562
7567
7570
7573
7575
7577
7587
7592
7593
7595
7597
7603
7606
7615
7619
7626
7638
7639
7640
7643
7644
7647
7650
7656
7661
7662
7664
7666
7672
7673
7675
7679
7689
7690
7698
7704
7715
7716
7720
7723
7730
7734
7738
7747
7751
7758
7765
7767
7772
7774
7778
7792
7800
7805
7806
7809
7810
7815
7816
7827
7828
7834
7835
7843
7845
7852
7859
7860
7865
7866
7867
7869
7875
7879
7889
7904
7905
7906
7910
7911
7917
7924
7933
7935
7937
7943
7947
7951
7952
7957
7969
7974
7976
7978
7980
7985
7986
7993
7994
8002
8003
8004
8007
8008
8009
8020
8021
8028
8030
8032
8051
8055
8056
8061
8065
8066
8071
8076
8077
8084
8085
8093
8100
8112
8116
8123
8124
8125
8126
8134
8139
8141
8144
8149
8155
8159
8196
8204
8205
8207
8208
8212
8215
8229
8249
8255
8263
8265
8267
8274
8277
8281
8283
8296
8299
8307
8308
8310
8318
8319
8323
8324
8326
8331
8335
8341
8344
8349
8355
8359
8364
8365
8368
8369
8370
8372
8373
8382
8387
8388
8397
8399
8406
8412
8414
8416
8419
8427
8429
8431
8438
8445
8454
8457
8471
8474
8476
8492
8494
8505
8507
8508
8510
8511
8515
8523
8542
8545
8551
8555
8556
8558
8561
8562
8563
8564
8565
8566
8573
8584
8605
8618
8619
8620
8625
8647
8657
8662
8663
8667
8673
8676
8694
8701
8706
8714
8719
8721
8727
8736
8739
8747
8748
8755
8759
8763
8766
8768
8776
8787
8801
8802
8808
8820
8834
8838
8843
8845
8850
8851
8852
8869
8871
8872
8873
8877
8881
8884
8885
8899
8909
8925
8927
8934
8935
8937
8938
8942
8943
8948
8951
8956
8968
8982
8983
8993
9000
9005
9008
9020
9022
9027
9028
9030
9036
9037
9038
9040
9043
9049
9057
9061
9065
9072
9074
9075
9082
9089
9091
9096
9098
9099
9108
9111
9113
9134
9139
9144
9148
9151
9154
9159
9161
9164
9165
9166
9173
9177
9184
9185
9196
9201
9204
9206
9209
9226
9227
9228
9229
9234
9241
9247
9253
9262
9266
9271
9280
9300
9308
9313
9319
9321
9324
9344
9348
9350
9355
9357
9358
9359
9361
9376
9381
9382
9391
9398
9401
9412
9421
9423
9426
9428
9430
9431
9435
9446
9449
9450
9451
9453
9459
9464
9467
9469
9496
9502
9508
9515
9517
9524
9526
9529
9532
9534
9547
9554
9559
9564
9567
9572
9579
9584
9586
9601
9605
9614
9621
9626
9628
9634
9636
9639
9651
9653
9654
9661
9663
9672
9673
9677
9680
9690
9691
9693
9707
9708
9712
9715
9721
9725
9731
9732
9742
9749
9760
9782
9785
9791
9798
9803
9804
9808
9817
9834
9849
9850
9852
9857
9858
9864
9867
9868
9892
9897
9900
9908
9910
9916
9917
9924
9925
9928
9934
9950
9955
9957
9960
9961
9970
9974
9980
9998
10006
10011
10016
10021
10033
10035
10037
10038
10051
10053
10055
10059
10068
10082
10083
10087
10088
10089
10099
10104
10105
10106
10110
10112
10116
10142
10143
10150
10155
10174
10180
10181
10183
10185
10189
10195
10196
10201
10208
10209
10213
10214
10215
10216
10217
10220
10227
10265
10269
10280
10289
10292
10296
10298
10310
10320
10322
10325
10327
10334
10341
10350
10353
10361
10366
10376
10383
10390
10395
10398
10403
10415
10417
10421
10428
10429
10435
10446
10457
10459
10471
10472
10483
10486
10500
10504
10511
10512
10523
10524
10525
10529
10530
10541
10544
10545
10547
10552
10558
10566
10572
10573
10574
10582
10585
10595
10597
10600
10601
10610
10618
10621
10625
10634
10636
10640
10641
10649
10655
10659
10664
10674
10676
10683
10690
10694
10698
10703
10704
10707
10719
10721
10723
10724
10730
10731
10735
10742
10760
10765
10768
10771
10772
10773
10782
10794
10797
10798
10809
10820
10821
10827
10833
10837
10850
10855
10861
10873
10886
10887
10888
10900
10915
10916
10918
10924
10926
10929
10940
10945
10949
10951
10952
10956
10957
10961
10971
10973
10978
10980
10982
10991
10994
10996
10997
11000
11006
11007
11012
11020
11022
11024
11028
11042
11050
11051
11052
11065
11068
11069
11070
11071
11072
11089
11098
11105
11107
11117
11121
11126
11130
11141
11142
11145
11155
11156
11161
11163
11166
11172
11173
11178
11181
11182
11187
11189
11202
11203
11204
11206
11212
11221
11224
11225
11226
11229
11233
11236
11237
11238
11243
11250
11252
11253
11258
11261
11262
11265
11273
11287
11290
11298
11303
11317
11320
11323
11324
11331
11333
11337
11342
11345
11348
11353
11363
11377
11379
11385
11396
11398
11402
11403
11409
11411
11413
11416
11421
11427
11430
