11 -7.40530600325 -1.57662758076 3.8316
1111 -8.02354864451 -4.22102986413 2.1140
1111- -7.98245945489 -4.07490473281 2.2132
1111-11 -6.91767800451 -4.94022673951 0.5030
1111-11- -7.67959675254 -5.05179341333 1.1879
1111-11-11 -6.0988874642 -3.60278722286 1.7521
1111-11-11- -6.52991578452 -5.45044018686 0.3965
1111-1111 -7.14353249053 -5.45996417121 0.1387
1111-1111- -6.81998913645 -5.31792074746 0.1703
111111 -7.97783351963 -5.25370188156 1.2704
111111- -7.66925642668 -5.05043284414 1.1807
111111-11 -7.14815842579 -5.45969205737 0.1437
111111-11- -7.75524439967 -5.5875855615 0.7735
11111111 -7.81674212719 -5.87085606747 0.7352
11111111- -6.56202521748 -5.44554213776 0.3518
12aa -6.18106584346 0.235106356537 6.0410
12aa12aa -5.13778138632 -1.01797787015 4.1487
12aa12aa- -5.14104675238 -1.00627697509 4.1555
12aa12aa-12aa -4.73831827128 -1.48302042029 3.2546
12aa12aa-12aa-12aa -4.5064772808 -1.73173246875 2.7258
12aa12aa-12aa-12aa- -4.47463996169 -1.70288840186 2.7309
12aa12aa-12aa12aa -4.50402825626 -1.72139214289 2.7639
12aa12aa-12aa12aa- -4.52824638789 -1.73935165623 2.7621
12aa12aa12aa -4.6961406263 -1.45608115027 3.2619
12aa12aa12aa-12aa -4.50402825626 -1.72139214289 2.7640
12aa12aa12aa-12aa- -4.4803543523 -1.70343262954 2.7660
12aa12aa12aa12aa -4.44797280551 -1.6770375872 2.7365
12aa12aa12aa12aa- -4.47463996169 -1.70288840186 2.7310
12ae -6.0226955894 -0.505315398252 5.4103
12ae12ae -5.25098074317 -1.58179774369 3.6443
12ae12ae- -5.22050399325 -1.5507767661 3.6510
12ae12ae-12ae -4.88852511018 -1.95486581639 2.8513
12ae12ae-12ae-12ae -4.72199144096 -2.18371355464 2.3867
12ae12ae-12ae-12ae- -4.68960989417 -2.16330501675 2.3807
12ae12ae-12ae12ae -4.69287526024 -2.15405314624 2.4399
12ae12ae-12ae12ae- -4.71437225348 -2.17555013949 2.4334
12ae12ae12ae -4.89070202089 -1.96928784984 2.9022
12ae12ae12ae-12ae -4.71192322894 -2.18806737606 2.4536
12ae12ae12ae-12ae- -4.68960989417 -2.16520981362 2.4610
12ae12ae12ae12ae -4.6912425772 -2.17418957029 2.4513
12ae12ae12ae12ae- -4.69995022004 -2.19024428677 2.4419
12af -5.63085166184 0.431300434157 5.6789
12af12af -4.73913461279 -0.760830292683 3.9526
12af12af- -4.71736550571 -0.785048424317 3.9186
12af12af-12af -4.24987393102 -1.19240284068 3.0302
12af12af-12af-12af -3.92714691846 -1.38805269062 2.4646
12af12af-12af-12af- -3.90918740511 -1.36247398979 2.4744
12af12af-12af12af -4.03191074631 -1.43349570167 2.5472
12af12af-12af12af- -4.05150294269 -1.48329253413 2.5187
12af12af12af -4.33613401785 -1.21662097231 3.0958
12af12af12af-12af -4.05694521946 -1.48710212787 2.5214
12af12af12af-12af- -4.04252318602 -1.47730602968 2.5216
12af12af12af12af -4.10429302738 -1.45553692259 2.5695
12af12af12af12af- -4.13068806972 -1.52955188669 2.5249
12ai -5.80582086005 0.381503601696 5.9644
12ai12ai -4.77314884262 -0.75185053601 4.0152
12ai12ai- -4.75192396321 -0.736340047211 4.0127
12ai12ai-12ai -4.33967149775 -1.17444332733 3.1382
12ai12ai-12ai-12ai -4.1037487997 -1.39757667497 2.6276
12ai12ai-12ai-12ai- -4.07653741584 -1.3575759407 2.6455
12ai12ai-12ai12ai -4.10048343364 -1.38560366607 2.6709
12ai12ai-12ai12ai- -4.11953140234 -1.41145448074 2.6591
12ai12ai12ai -4.31844661834 -1.14859251267 3.1655
12ai12ai12ai-12ai -4.09939497828 -1.40029781336 2.6607
12ai12ai12ai-12ai- -4.07953066806 -1.37390277102 2.6727
12ai12ai12ai12ai -4.05531253643 -1.34179333806 2.6580
12ai12ai12ai12ai- -4.0727278221 -1.3766239094 2.6367
12al -5.48554287203 0.352931648645 5.5155
12al12al -4.43899304884 -0.65388955412 3.7899
12al12al- -4.52144354193 -0.616337844395 3.8775
12al12al-12al -4.08524505868 -1.18015771794 2.8182
12al12al-12al-12al -3.85122715749 -1.43540049854 2.2798
12al12al-12al-12al- -3.7927226822 -1.32818764613 2.3225
12al12al-12al12al -3.79544382058 -1.38995748749 2.3334
12al12al-12al12al- -3.85013870214 -1.41526407448 2.3476
12al12al12al -3.9274190323 -1.02233169156 2.9244
12al12al12al-12al -3.78129390098 -1.35812016838 2.3736
12al12al12al-12al- -3.73557877609 -1.28546577348 2.3995
12al12al12al12al -3.61530445944 -1.19648454826 2.3878
12al12al12al12al- -3.67081568251 -1.22832186737 2.4043
12ea -6.02323981708 -0.504771170575 5.4111
12ea12ea -5.25125285701 -1.58152562986 3.6445
12ea12ea- -5.22050399325 -1.5507767661 3.6512
12ea12ea-12ea -4.88852511018 -1.95486581639 2.8513
12ea12ea-12ea-12ea -4.72199144096 -2.18344144081 2.3868
12ea12ea-12ea-12ea- -4.6996781062 -2.19024428677 2.4419
12ea12ea-12ea12ea -4.71192322894 -2.18806737606 2.4536
12ea12ea-12ea12ea- -4.71437225348 -2.17555013949 2.4334
12ea12ea12ea -4.89070202089 -1.96928784984 2.9024
12ea12ea12ea-12ea -4.69287526024 -2.15405314624 2.4400
12ea12ea12ea-12ea- -4.68960989417 -2.16493769978 2.4611
12ea12ea12ea12ea -4.6912425772 -2.17418957029 2.4514
12ea12ea12ea12ea- -4.68960989417 -2.16330501675 2.3810
12ee -6.09099616288 -0.692529719199 4.7609
12ee12ee -5.15927837957 -2.02126159301 2.9580
12ee12ee- -5.23927984811 -1.93908321376 3.2933
12ee12ee-12ee -4.8583204741 -2.43160926159 2.0725
12ee12ee-12ee-12ee- -4.6721946085 -2.51786934843 2.0141
12ee12ee-12ee12ee -4.67137826699 -2.56766618089 1.8653
12ee12ee-12ee12ee- -4.67083403931 -2.65174935701 1.6721
12ee12ee12ee -4.81559860144 -2.35079145154 2.3886
12ee12ee12ee-12ee -4.67137826699 -2.56766618089 1.8652
12ee12ee12ee-12ee- -4.66811290092 -2.48793682618 2.0959
12ee12ee12ee12ee -4.62865639433 -2.52820967429 2.0205
12ee12ee12ee12ee- -4.6721946085 -2.51786934843 2.0142
12ef -5.81235159217 -0.418511083744 4.8843
12ef12ef -4.91111055878 -1.40029781336 3.3808
12ef12ef- -4.92444413687 -1.40818911468 3.4410
12ef12ef-12ef -4.48008223846 -1.72873921653 2.5953
12ef12ef-12ef-12ef -4.15599465671 -1.96139654852 1.9580
12ef12ef-12ef-12ef- -4.18919254501 -1.96384557307 2.0869
12ef12ef-12ef12ef -4.30157556035 -1.96819939448 2.1915
12ef12ef-12ef12ef- -4.31654182147 -2.0000367136 2.1552
12ef12ef12ef -4.55491354407 -1.79567922082 2.6377
12ef12ef12ef-12ef -4.30211978803 -1.98507045248 2.1541
12ef12ef12ef-12ef- -4.30674572328 -2.02425484523 2.1488
12ef12ef12ef12ef -4.35899158029 -2.01881256846 2.1766
12ef12ef12ef12ef- -4.37967223202 -2.06833728708 2.1065
12ei -5.85452923715 -0.410347668586 5.1223
12ei12ei -4.88362706108 -1.39676033346 3.3760
12ei12ei- -4.88580397179 -1.29852723773 3.5563
12ei12ei-12ei -4.50021866252 -1.70506531257 2.6438
12ei12ei-12ei-12ei -4.25368352476 -1.9809887449 1.9965
12ei12ei-12ei-12ei- -4.28688141307 -1.92520540799 2.2569
12ei12ei-12ei12ei -4.30293612954 -1.92330061112 2.2644
12ei12ei-12ei12ei- -4.29858230813 -1.91813044819 2.2133
12ei12ei12ei -4.48117069382 -1.75105255129 2.6600
12ei12ei12ei-12ei -4.27599685952 -1.90125939019 2.2394
12ei12ei12ei-12ei- -4.27871799791 -1.90642955313 2.2841
12ei12ei12ei12ei -4.25640466315 -1.93636207537 2.2208
12ei12ei12ei12ei- -4.26075848456 -1.92139581425 2.1753
12el -5.71085313038 -0.56735735345 4.5466
12el12el -4.71110688742 -1.31050024662 3.2583
12el12el- -4.70131078923 -1.20437584958 3.3456
12el12el-12el -4.36552231242 -1.71350084157 2.4815
12el12el-12el-12el -4.18211758521 -2.03922110636 1.3756
12el12el-12el-12el- -4.08714985555 -1.94887931195 1.3813
12el12el-12el12el -4.13640246033 -1.93772264456 2.0455
12el12el-12el12el- -4.17259360086 -1.94098801063 2.0365
12el12el12el -4.25477198011 -1.65200311405 2.5036
12el12el12el-12el -4.08442871716 -1.87622491704 2.0615
12el12el12el-12el- -3.97367838486 -1.88302776301 1.3569
12el12el12el12el -3.98673984911 -1.83159824752 2.0244
12el12el12el12el- -3.97204570182 -1.80084938375 1.9851
12fa -5.57806157715 0.390211244531 5.6331
12fa12fa -4.54185207982 -0.643821342092 3.8869
12fa12fa- -4.71763761955 -0.785048424317 3.9186
12fa12fa-12fa -4.18864831734 -1.12301381184 3.0454
12fa12fa-12fa-12fa -4.02293098964 -1.40628431781 2.5331
12fa12fa-12fa-12fa- -4.1312322974 -1.52955188669 2.5247
12fa12fa-12fa12fa -3.87462894761 -1.32437805239 2.5115
12fa12fa-12fa12fa- -4.05177505653 -1.48329253413 2.5184
12fa12fa12fa -4.03708090925 -1.02342014692 3.0068
12fa12fa12fa-12fa -3.91789504795 -1.34533081796 2.5269
12fa12fa12fa-12fa- -4.04279529986 -1.47730602968 2.5213
12fa12fa12fa12fa -3.73040861316 -1.20410373574 2.4620
12fa12fa12fa12fa- -3.90945951895 -1.36220187596 2.4741
12fe -5.78758923286 -0.597017761855 4.6508
12fe12fe -4.74539323108 -1.3145819542 3.2899
12fe12fe- -4.92498836455 -1.40818911468 3.4409
12fe12fe-12fe -4.42375467387 -1.6721395381 2.6205
12fe12fe-12fe-12fe -4.27273149346 -1.98289354177 2.0567
12fe12fe-12fe-12fe- -4.37994434586 -2.06833728708 2.1065
12fe12fe-12fe12fe -4.13204863891 -1.86125865592 2.1289
12fe12fe-12fe12fe- -4.31708604915 -2.0000367136 2.1550
12fe12fe12fe -4.28905832378 -1.66043864305 2.5262
12fe12fe12fe-12fe -4.1968117325 -1.90642955313 2.1657
12fe12fe12fe-12fe- -4.30701783712 -2.02425484523 2.1486
12fe12fe12fe12fe -4.02293098964 -1.84520393944 2.0402
12fe12fe12fe12fe- -4.18946465885 -1.96411768691 2.0866
12ff -5.43955563331 0.731169884278 5.3566
12ff12ff -4.29776596661 -0.340686525908 3.9789
12ff12ff- -4.45559199299 -0.521642228567 3.9939
12ff12ff-12ff -3.84007049011 -0.767633138648 3.1222
12ff12ff-12ff-12ff -3.5769364082 -0.996480876898 2.5796
12ff12ff-12ff-12ff- -3.6996597494 -1.12954454397 2.5886
12ff12ff-12ff12ff -3.53856835696 -0.94613981676 2.6399
12ff12ff-12ff12ff- -3.73312975155 -1.14859251267 2.6264
12ff12ff12ff -3.79680438978 -0.729265087408 3.1336
12ff12ff12ff-12ff -3.61421600408 -1.03131144824 2.6269
12ff12ff12ff-12ff- -3.74537487428 -1.17879714875 2.6207
12ff12ff12ff12ff -3.50156087491 -0.913758269968 2.6099
12ff12ff12ff12ff- -3.6996597494 -1.12954454397 2.5885
12fi -5.40472506197 0.503682715221 5.4855
12fi12fi -4.25558832163 -0.455246451953 3.7703
12fi12fi- -4.40987686811 -0.535520034335 3.8778
12fi12fi-12fi -3.85530886507 -0.846546151838 2.9992
12fi12fi-12fi-12fi -3.64578120936 -1.13199356851 2.4435
12fi12fi-12fi-12fi- -3.739116256 -1.25907073113 2.4173
12fi12fi-12fi12fi -3.53285396635 -1.04682193704 2.4708
12fi12fi-12fi12fi- -3.70836739224 -1.18587210855 2.4944
12fi12fi12fi -3.72170097033 -0.804640620696 2.9202
12fi12fi12fi-12fi -3.57965754658 -1.06995161332 2.4966
12fi12fi12fi-12fi- -3.68986365121 -1.21036235403 2.4651
12fi12fi12fi12fi -3.40006241312 -0.964371443945 2.4004
12fi12fi12fi12fi- -3.57394315597 -1.10287738778 2.4342
12fl -5.40744620036 0.717564192348 5.8711
12fl12fl -4.10565359657 -0.193745053072 3.9680
12fl12fl- -4.28062279478 -0.334700021459 3.9877
12fl12fl-12fl -3.75598731399 -0.765456227939 2.9762
12fl12fl-12fl-12fl -3.62183519157 -0.965459899299 2.5584
12fl12fl-12fl-12fl- -3.68605405747 -0.911581359259 2.6013
12fl12fl-12fl12fl -3.39135477028 -0.909404448551 2.4586
12fl12fl-12fl12fl- -3.59924974296 -1.07376120706 2.4929
12fl12fl12fl -3.52605112038 -0.492526047839 3.0928
12fl12fl12fl-12fl -3.43298818759 -0.900152578039 2.5473
12fl12fl12fl-12fl- -3.51435022532 -0.872396966503 2.6012
12fl12fl12fl12fl -3.17203101638 -0.612256136816 2.5700
12fl12fl12fl12fl- -3.34618387308 -0.782055172093 2.5613
12ia -5.80609297389 0.381503601696 5.9644
12ia12ia -4.77342095646 -0.75185053601 4.0154
12ia12ia- -4.75219607705 -0.736340047211 4.0127
12ia12ia-12ia -4.33967149775 -1.17444332733 3.1382
12ia12ia-12ia-12ia -4.10402091354 -1.39757667497 2.6276
12ia12ia-12ia-12ia- -4.07299993594 -1.3766239094 2.6367
12ia12ia-12ia12ia -4.09966709212 -1.40029781336 2.6607
12ia12ia-12ia12ia- -4.11980351618 -1.41145448074 2.6591
12ia12ia12ia -4.31871873218 -1.14859251267 3.1656
12ia12ia12ia-12ia -4.10075554747 -1.38560366607 2.6709
12ia12ia12ia-12ia- -4.07953066806 -1.37390277102 2.6727
12ia12ia12ia12ia -4.05558465027 -1.34179333806 2.6581
12ia12ia12ia12ia- -4.07653741584 -1.35730382686 2.6456
12ie -5.85452923715 -0.410891896263 5.1220
12ie12ie -4.88389917492 -1.39648821962 3.3762
12ie12ie- -4.88580397179 -1.29852723773 3.5562
12ie12ie-12ie -4.50049077636 -1.70479319873 2.6438
12ie12ie-12ie-12ie -4.2539556386 -1.9809887449 1.9965
12ie12ie-12ie-12ie- -4.2610305984 -1.92139581425 2.1751
12ie12ie-12ie12ie -4.27626897336 -1.90125939019 2.2393
12ie12ie-12ie12ie- -4.29885442196 -1.91813044819 2.2133
12ie12ie12ie -4.48171492149 -1.75105255129 2.6601
12ie12ie12ie-12ie -4.30320824338 -1.92330061112 2.2645
12ie12ie12ie-12ie- -4.27899011175 -1.90642955313 2.2840
12ie12ie12ie12ie -4.25667677698 -1.93636207537 2.2209
12ie12ie12ie12ie- -4.28742564074 -1.92520540799 2.2571
12if -5.44254888554 0.588854346698 5.6794
12if12if -4.39001255789 -0.563819873548 3.7642
12if12if- -4.40960475427 -0.535792148174 3.8778
12if12if-12if -3.90619415289 -0.900152578039 2.9841
12if12if-12if-12if -3.57584795284 -1.10178893243 2.4104
12if12if-12if-12if- -3.57394315597 -1.10287738778 2.4344
12if12if-12if12if -3.65367251068 -1.13199356851 2.5017
12if12if-12if12if- -3.7080952784 -1.18587210855 2.4947
12if12if12if -3.93939204119 -0.979609818906 2.9380
12if12if12if-12if -3.69040787889 -1.19349129603 2.4662
12if12if12if-12if- -3.68959153737 -1.21036235403 2.4654
12if12if12if12if -3.67897909767 -1.18777690542 2.4376
12if12if12if12if- -3.73884414216 -1.25907073113 2.4175
12ii -5.53289067995 0.494975072386 5.8450
12ii12ii -4.36144060484 -0.635930040773 3.6305
12ii12ii- -4.39491060698 -0.495791413902 3.9014
12ii12ii-12ii -3.94374586261 -0.929540872606 2.9647
12ii12ii-12ii-12ii -3.65775421826 -1.18179040097 2.3755
12ii12ii-12ii-12ii- -3.61394389025 -1.16519145682 2.3929
12ii12ii-12ii12ii -3.66646186109 -1.16192609076 2.4707
12ii12ii-12ii12ii- -3.70183666011 -1.15893283853 2.4853
12ii12ii12ii -3.85966268649 -0.996480876898 2.8349
12ii12ii12ii-12ii -3.66646186109 -1.16192609076 2.4708
12ii12ii12ii-12ii- -3.62999860672 -1.16056552156 2.4589
12ii12ii12ii12ii -3.56605185466 -1.16355877379 2.3616
12ii12ii12ii12ii- -3.61394389025 -1.16491934298 2.3930
12il -5.38404441024 0.537969058882 5.5302
12il12il -4.23953360515 -0.432116775673 3.7781
12il12il- -4.2419826297 -0.346400916519 3.8769
12il12il-12il -3.82809748121 -0.892805504397 2.8575
12il12il-12il-12il -3.64169950178 -1.08192462221 2.3426
12il12il-12il-12il- -3.59081421397 -0.95375900424 2.4047
12il12il-12il12il -3.53611933241 -1.09036015121 2.3725
12il12il-12il12il- -3.57503161133 -1.09253706192 2.4020
12il12il12il -3.70238088779 -0.764367772585 2.9321
12il12il12il-12il -3.51679924987 -1.04927096158 2.4221
12il12il12il-12il- -3.47053989731 -0.953486890402 2.3834
12il12il12il12il -3.37802119219 -0.910765017744 2.4217
12il12il12il12il- -3.39625281938 -0.92110534361 2.4089
12la -5.6686754854 0.477559786717 5.7131
12la12la -4.56389330075 -0.781783058254 3.5665
12la12la- -4.52171565577 -0.616337844395 3.8775
12la12la-12la -4.16851189328 -1.28927536722 2.7685
12la12la-12la-12la -3.85775788962 -1.46451667926 2.3066
12la12la-12la-12la- -3.67081568251 -1.22859398121 2.4038
12la12la-12la12la -3.88769041186 -1.50342895818 2.2899
12la12la-12la12la- -3.85041081598 -1.41553618832 2.3474
12la12la12la -4.09041522161 -1.19920568664 2.7623
12la12la12la-12la -3.90945951895 -1.51649042243 2.3118
12la12la12la-12la- -3.73585088993 -1.28573788731 2.3991
12la12la12la12la -3.81367544777 -1.41281504993 2.2588
12la12la12la12la- -3.79299479604 -1.32818764613 2.3221
12le -5.8308553332 -0.395381407464 4.9076
12le12le -4.35572621423 -1.68955482377 1.4828
12le12le- -4.70158290307 -1.20437584958 3.3452
12le12le-12le -4.46538809118 -1.85064621622 2.3295
12le12le-12le-12le -4.16143693348 -2.05745273354 1.8254
12le12le-12le-12le- -3.97231781566 -1.80112149759 1.9846
12le12le-12le12le -4.24443165425 -2.05636427819 1.4633
12le12le-12le12le- -4.1728657147 -1.94098801063 2.0365
12le12le12le -4.24252685738 -1.90289207322 1.4485
12le12le12le-12le -4.07245570826 -2.09690924014 1.3064
12le12le12le-12le- -3.97395049869 -1.88302776301 1.3579
12le12le12le12le -4.12715058982 -2.03758842332 1.4431
12le12le12le12le- -4.08742196938 -1.94887931195 1.3824
12lf -5.4909851488 0.788585904219 5.5827
12lf12lf -4.45368719612 -0.34422400581 3.0979
12lf12lf- -4.28062279478 -0.334700021459 3.9877
12lf12lf-12lf -3.87871065519 -0.898792008846 2.9125
12lf12lf-12lf-12lf -3.48904363834 -1.00600486125 2.4023
12lf12lf-12lf-12lf- -3.34618387308 -0.782327285932 2.5613
12lf12lf-12lf12lf -3.66265226735 -1.05416901068 2.5492
12lf12lf-12lf12lf- -3.59924974296 -1.07403332089 2.4930
12lf12lf12lf -3.99871285801 -0.665862563017 2.7750
12lf12lf12lf-12lf -3.66020324281 -1.06777470261 2.5444
12lf12lf12lf-12lf- -3.51462233916 -0.872669080342 2.6011
12lf12lf12lf12lf -3.74020471135 -0.862872982153 2.6090
12lf12lf12lf12lf- -3.68632617131 -0.912125586937 2.6011
12li -5.48363807516 0.630215650163 5.7521
12li12li -4.33450133482 -0.621780121167 2.7620
12li12li- -4.24225474354 -0.346400916519 3.8768
12li12li-12li -3.8928605748 -0.963282988591 2.8195
12li12li-12li-12li -3.56088169172 -1.12138112881 2.3166
12li12li-12li-12li- -3.39625281938 -0.921377457449 2.4084
12li12li-12li12li -3.66564551958 -1.10587064001 2.3913
12li12li-12li12li- -3.57503161133 -1.09280917576 2.4018
12li12li12li -3.93585456129 -0.849267290224 2.5765
12li12li12li-12li -3.6270053545 -1.14451080509 2.3346
12li12li12li-12li- -3.47108412499 -0.95375900424 2.3843
12li12li12li12li -3.67462527625 -0.965459899299 2.4387
12li12li12li12li- -3.59163055548 -0.95375900424 2.4059
12ll -5.35955416477 0.757837040459 5.7007
12ll12ll -4.31490913844 -0.217691070868 4.0184
12ll12ll- -4.03082229096 -0.108845535434 3.9436
12ll12ll-12ll -3.81802926918 -0.912941928452 2.8197
12ll12ll-12ll-12ll -3.58156234345 -1.01280770721 2.4249
12ll12ll-12ll-12ll- -3.34727232843 -0.612528250655 2.6234
12ll12ll-12ll12ll -3.57040567607 -1.05607380755 2.4234
12ll12ll-12ll12ll- -3.44169583042 -0.981242501937 2.3902
12ll12ll12ll -3.7962601621 -0.531710440595 3.1950
12ll12ll12ll-12ll -3.51380599765 -0.984779981839 2.4768
12ll12ll12ll-12ll- -3.29012842233 -0.60763020156 2.6408
12ll12ll12ll12ll -3.48931575217 -0.66912792908 2.7074
12ll12ll12ll12ll- -3.34781655611 -0.612528250655 2.6239
2 -7.26353469335 0.311842459018 7.4696
22 -6.053716567 -1.04791039239 5.6832
22- -5.89752322365 -1.27811869983 4.9312
22-2 -5.207442529 -1.9344572785 3.6977
22-2- -5.32036977201 -1.81935312478 4.0482
22-2-2 -4.88634819947 -2.21691144295 3.2927
22-2-2- -4.95437665912 -2.16003965069 3.4638
22-22 -4.87274250754 -2.24140168842 3.1919
22-22- -4.79219681132 -2.30181096059 3.0201
222 -5.41805864006 -1.70343262954 4.4625
222- -5.32036977201 -1.81908101094 4.0486
222-2 -4.87274250754 -2.24112957459 3.1923
222-2- -4.95818625286 -2.16520981362 3.4082
2222 -5.02675894018 -2.09010639417 3.7099
2222- -4.95410454528 -2.15949542301 3.4643
4aa -6.84665629263 -0.10966187695 5.5505
4aa4aa -5.72119345625 -1.18614422239 4.2937
4aa4aa- -5.72064922857 -1.18532788088 4.2812
4aa4aa-4aa -5.24962017398 -1.61309083513 3.4564
4aa4aa-4aa-4aa -4.99764275945 -1.83513572742 2.9982
4aa4aa-4aa-4aa- -4.99845910097 -1.83595206893 2.9988
4aa4aa-4aa4aa -4.99818698713 -1.83540784126 2.9970
4aa4aa-4aa4aa- -4.99737064561 -1.83459149974 2.9964
4aa4aa4aa -5.2504365155 -1.61417929049 3.4616
4aa4aa4aa-4aa -4.99737064561 -1.83459149974 2.9970
4aa4aa4aa-4aa- -4.99791487329 -1.83540784126 2.9977
4aa4aa4aa4aa -4.99845910097 -1.83595206893 2.9995
4aa4aa4aa4aa- -4.99764275945 -1.83513572742 2.9988
4ae -6.18759657558 -0.979337705067 4.9384
4ae4ae -5.73534337585 -1.54914408306 3.4359
4ae4ae- -5.55547612855 -1.6269686409 2.8048
4ae4ae-4ae -5.21206846426 -1.83295881671 2.7487
4ae4ae-4ae-4ae -5.00961576835 -1.98915216006 2.6047
4ae4ae-4ae-4ae- -5.02567048482 -1.97146476055 2.6907
4ae4ae-4ae4ae -4.97805056307 -1.95459370256 2.6573
4ae4ae-4ae4ae- -4.95464877295 -1.97037630519 2.6766
4ae4ae4ae -5.33968985455 -1.85227889925 3.1680
4ae4ae4ae-4ae -5.03138487544 -2.02343850372 2.6189
4ae4ae4ae-4ae- -5.05587512091 -2.01282606401 2.5819
4ae4ae4ae4ae -5.09778065205 -2.0226221622 2.8502
4ae4ae4ae4ae- -5.08172593557 -2.04030956171 2.6030
4af -5.92228558296 0.0114287812206 5.1889
4af4af -5.24798749095 -0.855253794672 4.0349
4af4af- -5.23601448205 -0.864233551346 4.0055
4af4af-4af -4.9619958466 -1.338527972 3.3772
4af4af-4af-4af -4.80362559254 -1.58860058966 2.9953
4af4af-4af-4af- -4.7723325011 -1.55757961206 2.9950
4af4af-4af4af -4.72661737622 -1.5578517259 2.9522
4af4af-4af4af- -4.69015412185 -1.52927977285 2.9477
4af4af4af -4.79192469748 -1.19131438532 3.3988
4af4af4af-4af -4.61069688098 -1.42097846509 2.9930
4af4af4af-4af- -4.57668265116 -1.38941325981 2.9908
4af4af4af4af -4.51191955758 -1.37335854334 2.9586
4af4af4af4af- -4.47246305098 -1.34070488271 2.9522
4ai -6.25181544149 0.0492526047839 5.3049
4ai4ai -5.49397840103 -0.909676562389 4.2287
4ai4ai- -5.48799189658 -0.892533390559 3.9506
4ai4ai-4ai -5.00090812551 -1.25634959275 3.4694
4ai4ai-4ai-4ai -4.7687950212 -1.4315909048 3.1078
4ai4ai-4ai-4ai- -4.78240071313 -1.43839375076 3.1195
4ai4ai-4ai4ai -4.74376054805 -1.44519659672 3.0649
4ai4ai-4ai4ai- -4.73124331148 -1.43975431995 3.0569
4ai4ai4ai -5.06703178829 -1.26206398336 3.5676
4ai4ai4ai-4ai -4.77260461494 -1.44356391369 3.0947
4ai4ai4ai-4ai- -4.78512185152 -1.44955041814 3.1016
4ai4ai4ai4ai -4.82539469963 -1.45036675966 3.1520
4ai4ai4ai4ai- -4.8117890077 -1.44274757218 3.1412
4al -5.8915367192 0.0617698413588 5.2089
4ea -6.18814080326 -0.998113559929 4.9332
4ea4ea -5.74323467717 -1.56683148257 3.7487
4ea4ea- -5.64200832922 -1.63241091767 3.1782
4ea4ea-4ea -5.2300279776 -1.8498298747 3.0650
4ea4ea-4ea-4ea -5.02240511876 -2.01772411311 2.7580
4ea4ea-4ea-4ea- -5.08798455386 -2.06752094557 2.7943
4ea4ea-4ea4ea -5.04226942898 -2.04330281393 2.7640
4ea4ea-4ea4ea- -4.97342462782 -1.98724736319 2.7306
4ea4ea4ea -5.34050619607 -1.88139507998 3.2268
4ea4ea4ea-4ea -4.99192836884 -1.98126085874 2.7587
4ea4ea4ea-4ea- -5.06186162536 -2.04112590323 2.7913
4ea4ea4ea4ea -5.10131813195 -2.05582005051 2.8300
4ea4ea4ea4ea- -5.03573869685 -2.00602321805 2.7896
4ee -5.91439428164 -1.55213733529 4.3921
4ee4ee -5.7271799607 -1.93391305082 3.1033
4ee4ee4ee -5.40445294813 -2.15704639846 2.7738
4ee4ee4ee4ee -5.17179561614 -2.28167453653 2.6104
4ef -5.58568076463 -0.530894099079 4.6696
4ef4ef -5.28064115158 -1.14287812206 3.7806
4ef4ef- -2.53936634167 -1.52628652062 0.2736
4ef4ef-4ef -2.26262656783 -1.75078043746 -0.1677
4ef4ef-4ef-4ef -2.50480788417 -1.77799182131 0.2085
4ef4ef-4ef-4ef- -2.48086186638 -1.69472498671 0.2560
4ef4ef-4ef4ef- -2.22589119962 -1.52710286214 0.1566
4ef4ef4ef -4.94485267477 -1.40682854548 3.2938
4ef4ef4ef-4ef -2.34290015022 -1.83132613368 -0.1552
4ef4ef4ef-4ef- -2.52140682833 -1.65526848011 0.2505
4ef4ef4ef4ef -4.70593672449 -1.54642294468 2.9267
4ef4ef4ef4ef- -2.59270065404 -1.66560880598 0.2473
4ei -5.78922191589 -0.778245578353 4.7609
4ei4ei -5.45479400827 -1.31267715733 3.6303
4ei4ei- -3.64877446159 -1.28546577348 1.3691
4ei4ei-4ei -3.13747255888 -1.33961642735 1.2864
4ei4ei-4ei-4ei -3.50482624097 -1.50832700728 1.2985
4ei4ei-4ei-4ei- -3.51788770523 -1.5649266857 1.3587
4ei4ei-4ei4ei -3.08713149875 -1.49145594928 1.1426
4ei4ei-4ei4ei- -2.92304685408 -1.4802992819 0.9636
4ei4ei4ei -5.14948228138 -1.55240944913 3.2659
4ei4ei4ei-4ei -3.20414044934 -1.56819205176 1.1913
4ei4ei4ei-4ei- -3.65421673836 -1.61880522574 1.2954
4ei4ei4ei4ei -4.93424023506 -1.69581344206 2.9652
4ei4ei4ei4ei- -3.75707576934 -1.64683295112 1.2861
4el -5.5543876732 -0.503410601382 4.6893
4fa -5.92908842893 -0.00108845535434 5.1912
4fa4fa -5.27710367168 -0.868043145086 4.0504
4fa4fa- -5.58159905705 -1.15702804166 3.9967
4fa4fa-4fa -4.95981893589 -1.33988854119 3.3678
4fa4fa-4fa-4fa -4.79328526667 -1.58479099592 2.9878
4fa4fa-4fa-4fa- -5.05233764101 -1.82397906003 2.9998
4fa4fa-4fa4fa -4.62158143453 -1.43839375076 2.9831
4fa4fa-4fa4fa- -4.88525974411 -1.71731043531 2.9502
4fa4fa4fa -4.81804762598 -1.21117869554 3.4013
4fa4fa4fa-4fa -4.72961062844 -1.55975652277 2.9496
4fa4fa4fa-4fa- -4.98403706752 -1.79295808244 2.9660
4fa4fa4fa4fa -4.54049151063 -1.3956718781 2.9604
4fa4fa4fa4fa- -4.79001990061 -1.66832994436 2.9159
4fe -5.59057881373 -0.514295154925 4.6668
4fe4fe -5.29941700644 -1.11757153507 3.6734
4fe4fe- -2.92495165095 -1.66234343992 0.0087
4fe4fe-4fe -2.63977634811 -1.87268743714 0.1855
4fe4fe-4fe-4fe -2.68195399309 -1.89500077191 0.1684
4fe4fe-4fe-4fe- -3.38645672119 -2.15759062614 0.1628
4fe4fe-4fe4fe -2.71678456443 -2.31378396949 -0.4832
4fe4fe-4fe4fe- -2.77637749508 -2.08194297901 0.1702
4fe4fe4fe -4.98049958762 -1.3766239094 3.3477
4fe4fe4fe-4fe -2.66780407349 -2.24983721742 -0.4936
4fe4fe4fe-4fe- -3.20060296944 -2.04357492777 0.1120
4fe4fe4fe4fe -4.74512111724 -1.51213660102 2.9892
4fe4fe4fe4fe- -2.87025676939 -1.82044158013 0.0608
4ff -5.16689756705 -0.000816341515755 4.6498
4ff4ff -4.70239924459 -0.528445074532 3.8236
4ff4ff- -4.02782903873 -0.974439655973 2.6225
4ff4ff-4ff -3.33693200257 -1.2073691018 1.7844
4ff4ff-4ff-4ff -3.78020544562 -1.49907513676 2.0465
4ff4ff-4ff-4ff- -4.18021278834 -1.70533742641 2.2056
4ff4ff-4ff4ff -3.24169215906 -1.27839081367 1.6519
4ff4ff-4ff4ff- -3.41666135727 -1.5649266857 1.5865
4ff4ff4ff -4.3181745045 -0.777157122999 3.3185
4ff4ff4ff-4ff -3.22618167026 -1.26777837397 1.6526
4ff4ff4ff-4ff- -3.93694301665 -1.4696868422 2.1898
4ff4ff4ff4ff -4.05640099179 -0.901513147232 2.9615
4ff4ff4ff4ff- -3.7116327583 -1.18804901926 2.2466
4fi -5.44771904847 0.0446266695279 4.8530
4fi4fi -4.94784592699 -0.610079226107 3.8948
4fi4fi- -4.10347668586 -1.02777396834 2.2274
4fi4fi-4fi -2.49909349356 -1.32791553229 0.5702
4fi4fi-4fi-4fi -2.40249308087 -1.49526554302 0.4092
4fi4fi-4fi-4fi- -4.40252979447 -1.61635620119 2.0820
4fi4fi-4fi4fi -2.41909202502 -1.35267789161 0.5669
4fi4fi-4fi4fi- -2.63188504679 -1.59213806956 0.5583
4fi4fi4fi -4.576954765 -0.902329488748 3.3792
4fi4fi4fi-4fi -2.52385585288 -1.4302303356 0.5415
4fi4fi4fi-4fi- -4.33586190401 -1.53064034204 2.0710
4fi4fi4fi4fi -4.3301475134 -1.05933917361 3.0195
4fi4fi4fi4fi- -4.12769481749 -1.3505009809 2.0471
4fl -5.16172740412 0.0487083771067 4.6877
4ia -6.24664527856 0.0405449619492 5.3054
4ia4ia -5.48336596132 -0.905866968649 4.2655
4ia4ia- -5.44907961766 -0.875390218728 4.1224
4ia4ia-4ia -4.94947861002 -1.23240357495 3.4636
4ia4ia-4ia-4ia -4.72117509945 -1.41934578206 3.0819
4ia4ia-4ia-4ia- -4.77668632252 -1.44982253198 3.1099
4ia4ia-4ia4ia -4.72906640077 -1.43812163692 3.0689
4ia4ia-4ia4ia- -4.67273883618 -1.41308716377 3.0335
4ia4ia4ia -5.04226942898 -1.26696203245 3.5527
4ia4ia4ia-4ia -4.69205891872 -1.42043423741 3.0469
4ia4ia4ia-4ia- -4.74865859715 -1.44628505208 3.0810
4ia4ia4ia4ia -4.79546217738 -1.45880228865 3.1237
4ia4ia4ia4ia- -4.73995095431 -1.42723708338 3.0970
4ie -5.78622866367 -0.760286065006 4.7634
4ie4ie -5.43928351947 -1.29254073328 3.4219
4ie4ie- -3.66537340574 -1.68166352245 1.0450
4ie4ie-4ie -3.13692833121 -1.63159457616 1.0032
4ie4ie-4ie-4ie -3.48931575217 -1.8032984083 0.9695
4ie4ie-4ie-4ie- -3.81231487857 -1.94779085659 0.9643
4ie4ie-4ie4ie -3.22590955642 -1.82180214933 0.9258
4ie4ie-4ie4ie- -2.93529197682 -1.66261555375 0.8985
4ie4ie4ie -5.13070642652 -1.52900765901 3.1565
4ie4ie4ie-4ie -3.08522670188 -1.63268303151 0.9987
4ie4ie4ie-4ie- -3.69204056192 -1.84928564702 0.9771
4ie4ie4ie4ie -4.90730096504 -1.67132319659 2.9509
4ie4ie4ie4ie- -3.52088095745 -1.66424823679 1.0472
4if -5.43846717796 0.0606813860044 4.8546
4if4if -4.91709706323 -0.594296623469 3.8984
4if4if- -2.34290015022 -0.902601602586 0.8468
4if4if-4if -2.5029030873 -1.28383309044 0.6592
4if4if-4if-4if -2.39786714561 -1.476761802 0.4534
4if4if-4if-4if- -2.32766177526 -1.37961716163 0.4762
4if4if-4if4if -2.5339240649 -1.39485553659 0.6235
4if4if-4if4if- -2.3575942975 -1.39458342275 0.5310
4if4if4if -4.53559346153 -0.886002658432 3.3748
4if4if4if-4if -2.42507852947 -1.30777910824 0.6634
4if4if4if-4if- -2.27732071512 -1.2348525995 0.6067
4if4if4if4if -4.28116702246 -1.04328445713 3.0034
4if4if4if4if- -2.20874802779 -1.08709478515 0.8005
4ii -5.73262223747 0.102859030985 5.0174
4ii4ii -5.19329260939 -0.638106951482 4.0779
4ii4ii4ii -4.82104087821 -0.95375900424 3.5567
4ii4ii4ii4ii -4.59273736764 -1.11974844578 3.2001
4il -5.42132400613 0.106124397048 4.8826
4la -5.87983582414 0.0590487029729 5.2063
4la4la- -5.18893878798 -0.797565660892 4.0108
4la4la-4la-4la- -4.39599906234 -1.32982032916 2.8933
4le -5.55003385178 -0.491981820162 4.6874
4le4le- -2.50888959175 -1.54397392013 -0.0992
4le4le-4le-4le- -2.60848325667 -1.6354041699 0.0391
4lf -5.15220341977 0.0612256136816 4.6880
4lf4lf- -3.51026851775 -0.807905986759 1.8267
4lf4lf-4lf-4lf- -3.17720117932 -1.28546577348 1.2604
4li -5.41751441239 0.103131144824 4.8792
4li4li- -2.11486875348 -0.741510210144 0.7243
4li4li-4li-4li- -2.03677208181 -1.01416827641 0.6837
4ll -5.12499203591 0.102042689469 4.7095
12dd -7.56666950953 -1.87649703088 5.1562
12dd12dd -7.00040061144 -3.59489592155 3.3226
12dd12dd- -7.12774988789 -3.67462527625 3.4450
12dd12dd-12dd -6.85046588638 -4.12470156527 2.5227
12dd12dd-12dd-12dd -5.23574236821 -4.55328086104 0.4996
12dd12dd-12dd-12dd- -6.82706409626 -4.47355150634 2.2218
12dd12dd-12dd12dd- -6.72175604072 -4.38048857354 2.1234
12dd12dd-4dd12dd -5.04553479504 -4.54756647043 -0.2501
12dd12dd12dd -6.86570426134 -4.15517831519 2.6610
12dd12dd12dd-12dd -6.78760758966 -4.42620369842 2.2031
12dd12dd12dd-12dd- -6.85454759395 -4.47600053088 2.2871
12dd12dd12dd12dd -6.84801686183 -4.51273589909 2.2536
12dd12dd12dd12dd- -6.82706409626 -4.47355150634 2.2217
12dh -5.87085606747 -1.05063153078 4.2333
12dh12dh -5.23111643296 -2.00520687653 3.0134
12dh12dh- -5.26513066278 -1.94044378295 3.1298
12dh12dh-12dh -4.98349283984 -2.36575771266 2.4227
12dh12dh-12dh-12dh -4.8104284385 -2.57419691301 1.9603
12dh12dh-12dh-12dh- -4.85641567722 -2.75052668042 1.8889
12dh12dh-12dh12dh- -4.83219754559 -2.61691878567 2.0030
12dh12dh-4dh12dh -4.99546584874 -2.4041257639 2.2933
12dh12dh12dh -4.94430844709 -2.47786861415 2.2832
12dh12dh12dh-12dh -4.78974778677 -2.63161293295 1.9613
12dh12dh12dh-12dh- -4.81233323537 -2.70127407563 1.9256
12dh12dh12dh12dh -4.78729876222 -2.76549294154 1.8100
12dh12dh12dh12dh- -4.75137973553 -2.59460545091 1.9270
12hd -5.87140029515 -1.05117575845 4.2325
12hd12hd -5.23193277447 -2.00520687653 3.0133
12hd12hd- -5.26567489046 -1.94071589679 3.1295
12hd12hd-12hd -4.98430918136 -2.36575771266 2.4227
12hd12hd-12hd-12hd -4.81124478002 -2.57419691301 1.9607
12hd12hd-12hd-12hd- -4.75219607705 -2.59460545091 1.9273
12hd12hd-12hd12hd- -4.83301388711 -2.61691878567 2.0032
12hd12hd-4hd12hd -5.04961650262 -2.56739406705 2.2534
12hd12hd12hd -4.9451247886 -2.47786861415 2.2832
12hd12hd12hd-12hd -4.85315031116 -2.68630781451 1.9682
12hd12hd12hd-12hd- -4.81314957689 -2.70127407563 1.9257
12hd12hd12hd12hd -4.78811510374 -2.76576505538 1.8100
12hd12hd12hd12hd- -4.85723201874 -2.75052668042 1.8890
12hh -4.90838942039 0.831307776877 5.0152
12hh12hh -3.69367324495 -0.154016432639 3.1673
12hh12hh- -3.6185698255 0.131703097875 3.7597
12hh12hh-12hh -3.18073865922 -0.278100343034 2.8719
12hh12hh-12hh-12hh -2.90862482063 -0.559738165969 2.2727
12hh12hh-12hh-12hh- -2.86835197252 -0.586133208312 2.1992
12hh12hh-12hh12hh- -2.93665254601 -0.500145235319 2.4255
12hh12hh-4hh12hh -3.12577166382 -0.62504548723 2.4115
12hh12hh12hh -3.16740508113 -0.475110762169 2.5381
12hh12hh12hh-12hh -2.91297864205 -0.546404587879 2.3354
12hh12hh12hh-12hh- -2.88576725819 -0.571983288705 2.3124
12hh12hh12hh12hh -2.84739920695 -0.614433047525 2.1471
12hh12hh12hh12hh- -2.86835197252 -0.585861094473 2.1995
13aa -5.72064922857 1.01634518711 5.5663
13aa13aa -4.62457468675 0.0204085378939 4.3293
13aa13aa- -4.67954168214 0.0201364240553 4.5595
13aa13aa-13aa -4.27055458275 -0.423953360515 3.6912
13aa13aa-13aa-13aa -4.02891749409 -0.711305574061 3.1562
13aa13aa-13aa-13aa- -4.02510790035 -0.755388015912 3.1334
13aa13aa-13aa13aa- -4.0642922931 -0.656066464828 3.2149
13aa13aa-4aa13aa -4.27409206265 -1.11974844578 3.0325
13aa13aa13aa -4.21286644897 -0.493886617032 3.4663
13aa13aa13aa-13aa -4.04905391814 -0.688992239297 3.1914
13aa13aa13aa-13aa- -4.03490399854 -0.722190127604 3.1681
13aa13aa13aa13aa -4.02102619277 -0.797837774731 2.9318
13aa13aa13aa13aa- -4.02510790035 -0.755388015912 3.1334
13ad13ad -5.77670467932 -1.50968757647 4.0998
13ad13ad- -5.87167240899 -1.61907733958 4.0604
13ad13ad-13ad -5.61915076678 -2.01690777159 3.3569
13ad13ad-13ad-13ad -5.47465831849 -2.30453209898 2.9181
13ad13ad-13ad-13ad- -5.46867181404 -2.34616551628 2.8978
13ad13ad-13ad13ad- -5.50567929609 -2.25092567277 2.9772
13ad13ad-4ad13ad -5.60962678243 -2.64331382801 2.7393
13ad13ad13ad -5.56391165755 -2.07214688082 3.3508
13ad13ad13ad-13ad -5.53942141207 -2.34262803638 2.9542
13ad13ad13ad-13ad- -5.5304416554 -2.37473746933 2.9382
13ad13ad13ad13ad -5.51112157286 -2.44657552272 2.8965
13ad13ad13ad13ad- -5.52908108621 -2.44548706736 2.8840
13ae13ae -4.81451014608 -0.648447277348 3.9858
13ae13ae- -4.90485194049 -0.756748585105 3.9228
13ae13ae-13ae -4.57777110651 -1.06124397048 3.2638
13ae13ae-13ae-13ae -4.38293759809 -1.30070414844 2.8244
13ae13ae-13ae-13ae- -4.36797133697 -1.3349904921 2.7996
13ae13ae-13ae13ae- -4.41205377882 -1.23675739637 2.8966
13ae13ae-4ae13ae -4.55355297488 -1.65200311405 2.6583
13ae13ae13ae -4.48797353978 -1.08138039454 3.2703
13ae13ae13ae-13ae -4.40307402214 -1.2884590257 2.8808
13ae13ae13ae-13ae- -4.39164524092 -1.32029634481 2.8608
13ae13ae13ae13ae -4.33967149775 -1.35376634696 2.8287
13ae13ae13ae13ae- -4.36606654009 -1.35295000544 2.8273
13af13af -4.27844588407 0.193472939234 4.0377
13af13af- -4.30865052015 0.169526921438 3.8663
13af13af-13af -3.8117706509 -0.189391231655 3.4356
13af13af-13af-13af -3.48550615843 -0.423409132838 2.6679
13af13af-13af-13af- -3.48985997985 -0.498240438449 2.3345
13af13af-13af13af- -3.63435242814 -0.46340986711 3.0223
13af13af-4af13af -3.83326764415 -0.710217118707 3.0088
13af13af13af -3.95218139161 -0.361367177641 3.2879
13af13af13af-13af -3.68224446373 -0.536336375851 3.0084
13af13af13af-13af- -3.68333291909 -0.595385078824 2.7195
13af13af13af13af -3.80551203261 -0.6960671991 2.7695
13af13af13af13af- -3.81258699241 -0.677563458076 3.0107
13ah13ah -3.78891308846 0.508580764315 3.9997
13ah13ah- -3.84741756375 0.51919320402 4.2085
13ah13ah-13ah -3.4493150179 0.112655129174 3.4197
13ah13ah-13ah-13ah -3.21856248278 -0.154016432639 2.9010
13ah13ah-13ah-13ah- -3.21175963682 -0.197554646813 2.7812
13ah13ah-13ah13ah- -3.22863069481 -0.110206104627 2.9529
13ah13ah-4ah13ah -3.59163055548 -0.460960842563 2.9812
13ah13ah13ah -3.41149119434 0.0416334173035 3.1732
13ah13ah13ah-13ah -3.22917492249 -0.148574155867 2.9334
13ah13ah13ah-13ah- -3.22400475955 -0.181772044175 2.8999
13ah13ah13ah13ah -3.21284809217 -0.231296762797 2.6614
13ah13ah13ah13ah- -3.22101150733 -0.191568142364 2.8923
13ai13ai -4.3266100335 0.231024648959 4.4174
13ai13ai- -4.35490987271 0.236739039569 4.4459
13ai13ai-13ai -3.93041228452 -0.156737571025 3.6036
13ai13ai-13ai-13ai -3.70183666011 -0.428035068094 3.0915
13ai13ai-13ai-13ai- -3.70591836769 -0.471573282268 3.0688
13ai13ai-13ai13ai- -3.71000007527 -0.365720999058 3.1429
13ai13ai-4ai13ai -3.96878033576 -0.764912000262 3.0519
13ai13ai13ai -3.92007195865 -0.249256276144 3.5373
13ai13ai13ai-13ai -3.72605479174 -0.425586043547 3.1228
13ai13ai13ai-13ai- -3.7257826779 -0.460416614886 3.1058
13ai13ai13ai13ai -3.72306153952 -0.530621985241 3.0057
13ai13ai13ai13ai- -3.722245198 -0.492526047839 3.0780
13al13al -3.96687553889 0.3385096152 4.0297
13al13al- -4.09612961222 0.382864170889 4.3434
13al13al-13al -3.51054063158 -0.137417488485 2.7089
13al13al-13al-13al -3.22101150733 -0.43456580022 2.4111
13al13al-13al-13al- -3.21393654753 -0.456607021145 2.3669
13al13al-13al13al- -3.32822435973 -0.352387420967 2.6719
13al13al13al -3.5029214441 -0.11347147069 3.1431
13al13al13al-13al -3.26318915231 -0.332795224589 2.6073
13al13al13al-13al- -3.24631809432 -0.346673030357 2.6816
13al13al13al13al -3.25584207867 -0.374700755731 2.6004
13al13al13al13al- -3.29094476385 -0.316468394274 2.8720
13da13da -5.77670467932 -1.50968757647 4.0999
13da13da- -5.87167240899 -1.61907733958 4.0604
13da13da-13da -5.61915076678 -2.01690777159 3.3570
13da13da-13da-13da -5.47465831849 -2.30453209898 2.9181
13da13da-13da-13da- -5.52908108621 -2.44548706736 2.8841
13da13da-13da13da- -5.50567929609 -2.25092567277 2.9773
13da13da-4da13da -5.5756125526 -2.71243074301 2.6470
13da13da13da -5.56391165755 -2.07214688082 3.3508
13da13da13da-13da -5.48989669345 -2.27432746289 2.9612
13da13da13da-13da- -5.5304416554 -2.37473746933 2.9383
13da13da13da13da -5.51112157286 -2.44657552272 2.8965
13da13da13da13da- -5.46867181404 -2.34616551628 2.8978
13dd -7.14625362892 -1.17879714875 5.3794
13dd13dd -6.35930040773 -2.75052668042 2.5617
13dd13dd- -6.81726799807 -2.97583693876 3.6397
13dd13dd-13dd -6.5876039183 -3.25502573715 2.9823
13dd13dd-13dd-13dd -6.34977642338 -3.51271754229 2.4846
13dd13dd-13dd-13dd- -6.2850133298 -3.62918226521 2.4008
13dd13dd-13dd13dd- -6.47739781368 -3.45094770093 2.6524
13dd13dd-4dd13dd -6.53018789836 -4.08415660332 2.0806
13dd13dd13dd -6.19956958448 -3.23516142694 2.4672
13dd13dd13dd-13dd -6.39712423129 -3.50509835481 2.4848
13dd13dd13dd-13dd- -6.35712349702 -3.57884120507 2.5263
13dd13dd13dd13dd -6.18541966487 -3.60333145054 2.3810
13dd13dd13dd13dd- -6.2850133298 -3.62918226521 2.4008
13de13de -5.16825813624 -2.03568362645 1.9641
13de13de- -5.83874663452 -2.11350818429 3.4884
13de13de-13de -5.54622425804 -2.39650657642 2.7650
13de13de-13de-13de -5.23900773428 -2.64222537266 1.9407
13de13de-13de-13de- -5.16145529028 -2.72032204433 1.8919
13de13de-13de13de- -5.38975880085 -2.54399227693 2.4435
13de13de-4de13de -5.44771904847 -3.27516216121 1.7062
13de13de13de -5.09369894447 -2.38970373045 1.8868
13de13de13de-13de -5.24717114943 -2.53637308945 1.9203
13de13de13de-13de- -5.19601374778 -2.6044015491 1.9405
13de13de13de13de -5.00771097148 -2.66263391055 1.8390
13de13de13de13de- -5.1192776453 -2.61310919193 1.8489
13df13df -5.27002871187 -1.38995748749 3.6242
13df13df- -5.47139295243 -1.49417708767 3.7713
13df13df-13df -5.10812097792 -1.76792360929 3.0928
13df13df-13df-13df -4.85777624642 -2.01745199927 2.5949
13df13df-13df-13df- -4.85940892945 -2.28085819502 2.3635
13df13df-13df13df- -5.04145308746 -2.03486728494 2.7525
13df13df-4df13df -5.11410748236 -2.18643469303 2.6526
13df13df13df -5.10512772569 -1.94779085659 2.9593
13df13df13df-13df -5.03709926605 -2.0762285884 2.7213
13df13df13df-13df- -5.05587512091 -2.25500738035 2.5792
13df13df13df13df -5.07573943112 -2.32575697839 2.5381
13df13df13df13df- -5.12444780823 -2.2158229876 2.6890
13dh13dh -4.72035875793 -1.10505429849 3.3260
13dh13dh- -4.95519300063 -1.08872746818 3.6257
13dh13dh-13dh -4.69396371559 -1.45444846724 2.9851
13dh13dh-13dh-13dh -4.50892630535 -1.72846710269 2.5168
13dh13dh-13dh-13dh- -4.45014971622 -1.94180435214 2.2718
13dh13dh-13dh13dh- -4.56824712216 -1.66071075688 2.6373
13dh13dh-4dh13dh -4.79355738051 -1.8808508523 2.5771
13dh13dh13dh -4.49423215807 -1.61581197352 2.6572
13dh13dh13dh-13dh -4.53015118476 -1.69145962064 2.5928
13dh13dh13dh-13dh- -4.49151101968 -1.81799255559 2.4421
13dh13dh13dh13dh -4.40715572972 -1.95731484094 2.2273
13dh13dh13dh13dh- -4.47409573401 -1.76411401555 2.4732
13di13di -5.28526708683 -1.34669138716 3.6326
13di13di- -5.4888082381 -1.3505009809 3.9305
13di13di-13di -5.19220415404 -1.70261628803 3.2154
13di13di-13di-13di -4.99328893803 -1.98915216006 2.7263
13di13di-13di-13di- -4.98621397823 -2.15895119533 2.6075
13di13di-13di13di- -5.05206552717 -1.90452475626 2.8487
13di13di-4di13di -5.17070716079 -2.30806957888 2.5329
13di13di13di -5.03138487544 -1.85146255773 2.9827
13di13di13di-13di -5.02376568795 -1.95296101952 2.8041
13di13di13di-13di- -5.02077243573 -2.06670460405 2.7270
13di13di13di13di -4.94866226851 -2.18997217293 2.5649
13di13di13di13di- -4.96825446488 -2.04983354606 2.6820
13dl13dl -4.98648609207 -1.14695982964 3.6151
13dl13dl- -5.20417716294 -1.14940885418 3.8320
13dl13dl-13dl -4.71627705035 -1.62642441322 2.7590
13dl13dl-13dl-13dl -3.26563817686 -2.31051860342 0.1881
13dl13dl-13dl-13dl- -3.12114572857 -2.46562349142 0.1789
13dl13dl-13dl13dl- -4.61450647472 -1.84302702874 2.4339
13dl13dl13dl -4.68443973124 -1.67050685507 2.8530
13dl13dl13dl-13dl -4.54865492579 -1.79105328557 2.5055
13dl13dl13dl13dl -4.5530087472 -2.01146549482 2.3735
13dl13dl13dl13dl- -4.59845175825 -1.8081964574 2.5902
13ea13ea -4.81451014608 -0.648447277348 3.9858
13ea13ea- -4.90512405433 -0.756748585105 3.9228
13ea13ea-13ea -4.57777110651 -1.06124397048 3.2638
13ea13ea-13ea-13ea -4.38293759809 -1.30070414844 2.8244
13ea13ea-13ea-13ea- -4.36606654009 -1.35295000544 2.8273
13ea13ea-13ea13ea- -4.41205377882 -1.23675739637 2.8966
13ea13ea-4ea13ea -4.54049151063 -1.69145962064 2.6183
13ea13ea13ea -4.48797353978 -1.08138039454 3.2703
13ea13ea13ea-13ea -4.39409426547 -1.26015918649 2.8766
13ea13ea13ea-13ea- -4.39164524092 -1.32029634481 2.8608
13ea13ea13ea13ea -4.33967149775 -1.35349423312 2.8287
13ea13ea13ea13ea- -4.36797133697 -1.3349904921 2.7997
13ed13ed -5.16825813624 -2.03568362645 1.9641
13ed13ed- -5.83874663452 -2.11350818429 3.4884
13ed13ed-13ed -5.54622425804 -2.39650657642 2.7650
13ed13ed-13ed-13ed -5.23900773428 -2.64222537266 1.9407
13ed13ed-13ed-13ed- -5.1192776453 -2.61310919193 1.8489
13ed13ed-13ed13ed- -5.38975880085 -2.54399227693 2.4435
13ed13ed-4ed13ed -5.57125873119 -3.03216450335 2.1128
13ed13ed13ed -5.09369894447 -2.38970373045 1.8868
13ed13ed13ed-13ed -5.29234204664 -2.60494577677 1.9663
13ed13ed13ed-13ed- -5.19601374778 -2.6044015491 1.9405
13ed13ed13ed13ed -5.00771097148 -2.66263391055 1.8390
13ed13ed13ed13ed- -5.16145529028 -2.72032204433 1.8919
13ee -5.67493410369 -0.0182316271852 4.9967
13ee13ee -4.15953213661 -1.46451667926 1.5117
13ee13ee- -5.04907227494 -1.32845975997 3.4810
13ee13ee-13ee -4.70049444772 -1.66696937517 2.5762
13ee13ee-13ee-13ee -4.34429743301 -1.92112370041 1.5119
13ee13ee-13ee-13ee- -4.22266254716 -1.90234784555 1.4622
13ee13ee-13ee13ee- -4.52062720041 -1.81363873417 2.2401
13ee13ee-4ee13ee -4.65831680274 -2.3505193377 1.7942
13ee13ee13ee -4.21504335968 -1.73009978572 1.4750
13ee13ee13ee-13ee -4.31382068309 -1.79513499314 1.5173
13ee13ee13ee-13ee- -4.25368352476 -1.80139361143 1.5246
13ee13ee13ee13ee -4.09068733545 -1.94779085659 1.4413
13ee13ee13ee13ee- -4.22266254716 -1.90234784555 1.4621
13ef13ef -4.41885662478 -0.563547759709 3.5596
13ef13ef- -4.65831680274 -0.658243375537 3.7953
13ef13ef-13ef -4.19436270795 -0.847634607192 3.0903
13ef13ef-13ef-13ef -3.87707797216 -1.08573421595 2.5402
13ef13ef-13ef-13ef- -3.83027439192 -1.23376414414 2.3400
13ef13ef-13ef13ef- -4.05857790249 -1.07376120706 2.7247
13ef13ef-4ef13ef -4.16633498257 -1.25063520214 2.6301
13ef13ef13ef -4.10674205192 -0.987773234063 2.9250
13ef13ef13ef-13ef -4.03272708783 -1.10097259091 2.6896
13ef13ef13ef-13ef- -4.02102619277 -1.24029487627 2.5692
13ef13ef13ef13ef -3.97122936031 -1.2645130079 2.5093
13ef13ef13ef13ef- -4.08442871716 -1.24981886062 2.6099
13eh13eh -3.9535419608 -0.347217258034 3.2645
13eh13eh- -4.21259433513 -0.285175302837 3.6888
13eh13eh-13eh -3.84660122224 -0.593752395792 2.9826
13eh13eh-13eh-13eh -3.58129022962 -0.852804770125 2.4521
13eh13eh-13eh-13eh- -3.47815908479 -0.951582093531 2.2978
13eh13eh-13eh13eh- -3.65639364907 -0.763551431069 2.6110
13eh13eh-4eh13eh -3.89939130692 -1.02069900853 2.5241
13eh13eh13eh -3.60061031216 -0.741782323982 2.6362
13eh13eh13eh-13eh -3.60496413357 -0.802463709987 2.5510
13eh13eh13eh-13eh- -3.5353029909 -0.879744040145 2.4307
13eh13eh13eh13eh -3.42400843091 -0.995936649221 2.2169
13eh13eh13eh13eh- -3.52986071412 -0.897431439653 2.3913
13ei13ei -4.4041624775 -0.597017761855 3.3734
13ei13ei- -4.63164964655 -0.535792148174 3.8777
13ei13ei-13ei -4.24579222344 -0.831307776877 3.1209
13ei13ei-13ei-13ei -3.98129757234 -1.09253706192 2.5895
13ei13ei-13ei-13ei- -3.91381334037 -1.17906926259 2.5150
13ei13ei-13ei13ei- -4.04850969047 -0.989678030933 2.7465
13ei13ei-4ei13ei -4.21341067665 -1.38995748749 2.4670
13ei13ei13ei -4.03735302308 -0.984507868 2.8299
13ei13ei13ei-13ei -4.01123009458 -1.04110754643 2.6929
13ei13ei13ei-13ei- -3.96714765273 -1.11457828284 2.6241
13ei13ei13ei13ei -3.86619341861 -1.23430837182 2.4399
13ei13ei13ei13ei- -3.94320163493 -1.15539535863 2.5386
13el13el -4.26320750911 -0.417694742228 3.5984
13el13el- -4.44715646399 -0.357829697739 3.8706
13el13el-13el -3.9274190323 -0.790762814928 2.7991
13el13el-13el-13el -2.59406122323 -1.56383823035 0.1272
13el13el-13el-13el- -2.45011300262 -1.82125792165 -0.0630
13el13el-13el13el- -3.79544382058 -1.01743364247 2.4426
13el13el13el -3.8498665883 -0.83457314294 2.8545
13el13el13el-13el -3.70238088779 -0.934711035539 2.5172
13el13el13el-13el- -2.35106356537 -1.37907293395 0.1409
13el13el13el13el -3.6411552741 -1.09362551727 2.3867
13el13el13el13el- -3.70646259537 -0.969813720717 2.5300
13fa13fa -4.03299920167 0.379326690987 4.1025
13fa13fa- -4.30892263399 0.169526921438 3.8665
13fa13fa-13fa -3.75244983409 -0.0968725265362 3.5378
13fa13fa-13fa-13fa -3.61258332105 -0.440008076992 3.0296
13fa13fa-13fa-13fa- -3.81285910625 -0.677563458076 3.0107
13fa13fa-13fa13fa- -3.63435242814 -0.463681980949 3.0223
13fa13fa-4fa13fa -3.71680292123 -0.722734355282 2.8768
13fa13fa13fa -3.57421526981 -0.0808178100597 3.2050
13fa13fa13fa-13fa -3.48849941066 -0.359190266932 2.7428
13fa13fa13fa-13fa- -3.68333291909 -0.595385078824 2.7195
13fa13fa13fa13fa -3.33176183963 -0.34803359955 2.6586
13fa13fa13fa13fa- -3.48985997985 -0.498512552288 2.3345
13fd13fd -5.09805276589 -1.2038316219 3.6640
13fd13fd- -5.47139295243 -1.49444920151 3.7714
13fd13fd-13fd -5.0643106499 -1.68819425458 3.1578
13fd13fd-13fd-13fd -4.97015926175 -2.01690777159 2.7139
13fd13fd-13fd-13fd- -5.12444780823 -2.21609510144 2.6890
13fd13fd-13fd13fd- -5.0417252013 -2.03513939878 2.7525
13fd13fd-4fd13fd -5.08390284628 -2.15949542301 2.7089
13fd13fd13fd -4.80988421083 -1.74533816068 2.8925
13fd13fd13fd-13fd -4.89315104543 -2.04003744787 2.6221
13fd13fd13fd-13fd- -5.05587512091 -2.25527949419 2.5791
13fd13fd13fd13fd -4.69233103256 -2.10262363075 2.4074
13fd13fd13fd13fd- -4.85968104329 -2.28085819502 2.3635
13fe13fe -4.28116702246 -0.40381693646 3.6415
13fe13fe- -4.65831680274 -0.658243375537 3.7954
13fe13fe-13fe -4.1489196969 -0.778517692191 3.1434
13fe13fe-13fe-13fe -3.9619774898 -1.06614201958 2.6467
13fe13fe-13fe-13fe- -4.08442871716 -1.24981886062 2.6099
13fe13fe-13fe13fe- -4.05885001633 -1.07403332089 2.7247
13fe13fe-4fe13fe -4.12442945143 -1.23648528253 2.6667
13fe13fe13fe -3.86238382487 -0.820151109495 2.8790
13fe13fe13fe-13fe -3.88388081812 -1.04192388794 2.6189
13fe13fe13fe-13fe- -4.02102619277 -1.24029487627 2.5691
13fe13fe13fe13fe -3.653128283 -1.08274096373 2.4031
13fe13fe13fe13fe- -3.83027439192 -1.23376414414 2.3400
13ff -4.88226649189 1.33580683361 5.1118
13ff13ff -3.82537634283 0.565180442741 3.8314
13ff13ff- -4.13585823265 0.196738305297 3.3683
13ff13ff-13ff -3.45747843306 0.170343262954 3.0937
13ff13ff-13ff-13ff -3.1763848378 -0.127077162619 2.4533
13ff13ff-13ff-13ff- -3.35026558066 -0.554568003036 2.0331
13ff13ff-13ff13ff- -3.36169436188 -0.229119852088 2.8604
13ff13ff-4ff13ff -3.40822582828 -0.360006608448 2.9543
13ff13ff13ff -3.37339525694 0.0759197609652 3.0145
13ff13ff13ff-13ff -3.24169215906 -0.162179847797 2.3388
13ff13ff13ff-13ff- -3.42047095101 -0.534975806658 2.1201
13ff13ff13ff13ff -3.14699654323 -0.207078631163 2.4867
13ff13ff13ff13ff- -3.35026558066 -0.554568003036 2.0330
13fh13fh -3.43924680587 0.696611426777 3.3919
13fh13fh- -3.75517097247 0.536336375851 3.4264
13fh13fh-13fh -3.15679264142 0.406810188684 3.0748
13fh13fh-13fh-13fh -2.94182270894 -0.00054422767717 2.7107
13fh13fh-13fh-13fh- -3.09583914158 -0.277828229195 2.4290
13fh13fh-13fh13fh- -3.01284442081 0.0707495980321 2.5559
13fh13fh-4fh13fh -3.1728473579 -0.195377736104 2.8566
13fh13fh13fh -2.94699287187 0.335244249137 2.8035
13fh13fh13fh-13fh -2.85882798817 0.12109065817 2.3214
13fh13fh13fh-13fh- -3.01991938062 -0.145853017482 2.2440
13fh13fh13fh13fh -2.68304244845 0.107212852402 2.3494
13fh13fh13fh13fh- -2.85910010201 -0.107484966241 2.0021
13fi13fi -3.80061398352 0.440552304669 4.0552
13fi13fi- -4.07299993594 0.364632543704 3.8447
13fi13fi-13fi -3.47951965399 0.141227082226 3.4969
13fi13fi-13fi-13fi -3.25012768806 -0.222589119962 2.8810
13fi13fi-13fi-13fi- -3.39951818544 -0.488172226421 2.7800
13fi13fi-13fi13fi- -3.34183005166 -0.195105622265 3.0010
13fi13fi-4fi13fi -3.46019957145 -0.43456580022 2.8911
13fi13fi13fi -3.30890427719 -0.0054422767717 3.1628
13fi13fi13fi-13fi -3.21502500288 -0.159458709411 2.6464
13fi13fi13fi-13fi- -3.36876932168 -0.421504335968 2.5985
13fi13fi13fi13fi -3.05148458589 -0.262589854234 2.6106
13fi13fi13fi13fi- -3.21747402743 -0.349666282582 2.2493
13fl13fl -3.63680145269 0.723550696797 3.9965
13fl13fl- -3.94918813938 0.553207433843 3.7594
13fl13fl-13fl -3.29366590223 0.197282532974 2.7246
13fl13fl-13fl13fl- -3.160874349 -0.348849941066 1.9822
13fl13fl13fl -3.100192963 0.332795224589 3.0413
13fl13fl13fl-13fl -2.99080319989 0.0122451227363 2.5169
13fl13fl13fl13fl -2.81120806642 0.118913747462 2.4821
13fl13fl13fl13fl- -2.98508880928 -0.014422033445 2.1971
13ha13ha -3.78891308846 0.508580764315 4.0000
13ha13ha- -3.84741756375 0.519465317859 4.2089
13ha13ha-13ha -3.4493150179 0.112655129174 3.4198
13ha13ha-13ha-13ha -3.21856248278 -0.154016432639 2.9012
13ha13ha-13ha-13ha- -3.22101150733 -0.191296028525 2.8926
13ha13ha-13ha13ha- -3.22863069481 -0.109933990788 2.9529
13ha13ha-4ha13ha -3.53448664938 -0.57878613467 2.8028
13ha13ha13ha -3.41149119434 0.0419055311421 3.1734
13ha13ha13ha-13ha -3.22073939349 -0.142043423741 2.9182
13ha13ha13ha-13ha- -3.22400475955 -0.181499930336 2.9001
13ha13ha13ha13ha -3.21312020601 -0.231296762797 2.6616
13ha13ha13ha13ha- -3.21203175066 -0.197554646813 2.7809
13hd13hd -4.72035875793 -1.10505429849 3.3263
13hd13hd- -4.95519300063 -1.08872746818 3.6257
13hd13hd-13hd -4.69396371559 -1.45444846724 2.9851
13hd13hd-13hd-13hd -4.50892630535 -1.72846710269 2.5169
13hd13hd-13hd-13hd- -4.47436784785 -1.76411401555 2.4734
13hd13hd-13hd13hd- -4.56824712216 -1.66071075688 2.6374
13hd13hd-4hd13hd -4.83464657014 -1.98044451722 2.6142
13hd13hd13hd -4.49423215807 -1.61553985968 2.6574
13hd13hd13hd-13hd -4.51191955758 -1.78234564273 2.4804
13hd13hd13hd-13hd- -4.49151101968 -1.81799255559 2.4423
13hd13hd13hd13hd -4.40742784356 -1.9570427271 2.2276
13hd13hd13hd13hd- -4.45014971622 -1.94180435214 2.2720
13he13he -3.9535419608 -0.346945144196 3.2650
13he13he- -4.21259433513 -0.284903188998 3.6889
13he13he-13he -3.84660122224 -0.593752395792 2.9827
13he13he-13he-13he -3.58156234345 -0.852804770125 2.4524
13he13he-13he-13he- -3.53013282796 -0.897159325814 2.3917
13he13he-13he13he- -3.65639364907 -0.763551431069 2.6112
13he13he-4he13he -3.92986805684 -1.08791112666 2.5956
13he13he13he -3.60088242599 -0.741510210144 2.6366
13he13he13he-13he -3.57094990375 -0.84028753355 2.4845
13he13he13he-13he- -3.53557510473 -0.879744040145 2.4310
13he13he13he13he -3.42428054475 -0.995664535382 2.2174
13he13he13he13he- -3.47843119863 -0.951582093531 2.2982
13hf13hf -3.65203982765 0.503682715221 3.8938
13hf13hf- -3.75489885863 0.537969058882 3.4270
13hf13hf-13hf -3.21665768591 0.344496119648 2.7536
13hf13hf-13hf-13hf -2.86835197252 0.043266100335 2.1451
13hf13hf-13hf-13hf- -2.85882798817 -0.106668624725 2.0025
13hf13hf-13hf13hf- -3.01284442081 0.0710217118707 2.5568
13hf13hf-4hf13hf -3.25148825725 -0.266671561813 2.8612
13hf13hf13hf -3.25121614341 -0.0299325222443 3.0312
13hf13hf13hf-13hf -3.02427320203 -0.0468035802366 2.4554
13hf13hf13hf-13hf- -3.01991938062 -0.144764562127 2.2447
13hf13hf13hf13hf -3.05502206579 -0.340958639747 2.4892
13hf13hf13hf13hf- -3.09556702774 -0.277556115357 2.4288
13hh -4.2074241722 1.47186375291 4.6868
13hh13hh -3.25693053402 0.594840851147 3.3615
13hh13hh- -3.40087875463 0.947228272114 3.7276
13hh13hh-13hh -2.93311506611 0.53851328656 2.8977
13hh13hh-13hh-13hh -2.63161293295 0.1692548076 2.4409
13hh13hh-13hh-13hh- -2.59895927232 0.02884406689 2.3926
13hh13hh-13hh13hh- -2.68004919622 0.331978883074 2.5868
13hh13hh-4hh13hh -3.02182417749 -0.12109065817 2.7503
13hh13hh13hh -2.80658213116 0.161363506281 2.7380
13hh13hh13hh-13hh -2.64793976327 0.186397979431 2.5669
13hh13hh13hh-13hh- -2.6220889486 0.080001468544 2.5878
13hh13hh13hh13hh -2.56875463624 -0.0887091113787 2.3024
13hh13hh13hh13hh- -2.59895927232 0.02884406689 2.3918
13hi13hi -3.52115307129 0.447627264472 3.6918
13hi13hi- -3.64333218481 0.715115167801 4.2051
13hi13hi-13hi -3.1954328065 0.33660481833 3.3841
13hi13hi-13hi-13hi -2.90780847912 -0.0242181316341 2.7195
13hi13hi-13hi-13hi- -2.88032498142 -0.168710579923 2.5679
13hi13hi-13hi13hi- -2.95080246561 0.128165617973 2.9161
13hi13hi-4hi13hi -3.28033232414 -0.315652052758 2.7972
13hi13hi13hi -3.07597483136 -0.00816341515755 2.9223
13hi13hi13hi-13hi -2.91814880498 0.020952765571 2.7942
13hi13hi13hi-13hi- -2.89882872245 -0.108845535434 2.6605
13hi13hi13hi13hi -2.84358961321 -0.268576358683 2.4556
13hi13hi13hi13hi- -2.86971254172 -0.140138626871 2.5883
13hl13hl -3.41530078808 0.762462975715 3.9272
13hl13hl- -3.55679998414 0.881920950854 4.2386
13hl13hl-13hl -3.08740361258 0.360278722286 2.6331
13hl13hl-13hl-13hl -3.01991938062 0.0484362632681 2.4409
13hl13hl-13hl-13hl- -3.04794710599 0.0876206560243 2.9084
13hl13hl-13hl13hl- -2.8378752226 0.155377001832 2.2493
13hl13hl13hl -2.93828522904 0.363544088349 3.0148
13hl13hl13hl-13hl -2.77746595044 0.180139361143 2.4752
13hl13hl13hl-13hl- -2.82182050613 0.19238448388 2.8836
13hl13hl13hl13hl -2.67678383016 0.143131879096 2.4744
13hl13hl13hl13hl- -2.70209041715 0.215514160159 2.6232
13ia13ia -4.3266100335 0.23075253512 4.4166
13ia13ia- -4.35490987271 0.23646692573 4.4456
13ia13ia-13ia -3.93014017068 -0.157009684863 3.6033
13ia13ia-13ia-13ia -3.70156454627 -0.428307181933 3.0911
13ia13ia-13ia-13ia- -3.72197308416 -0.492798161677 3.0774
13ia13ia-13ia13ia- -3.71000007527 -0.365993112897 3.1427
13ia13ia-4ia13ia -3.95626309919 -0.804640620696 2.9975
13ia13ia13ia -3.91979984482 -0.249528389982 3.5366
13ia13ia13ia-13ia -3.70755105072 -0.399191001204 3.1253
13ia13ia13ia-13ia- -3.72551056407 -0.460688728724 3.1053
13ia13ia13ia13ia -3.72278942568 -0.530894099079 3.0051
13ia13ia13ia13ia- -3.70564625385 -0.471845396106 3.0683
13id13id -5.284994973 -1.346963501 3.6321
13id13id- -5.4888082381 -1.3505009809 3.9305
13id13id-13id -5.19220415404 -1.70261628803 3.2153
13id13id-13id-13id -4.99328893803 -1.98915216006 2.7261
13id13id-13id-13id- -4.96798235104 -2.04956143222 2.6817
13id13id-13id13id- -5.05206552717 -1.90452475626 2.8486
13id13id-4id13id -5.23519814054 -2.25473526651 2.7085
13id13id13id -5.0311127616 -1.85146255773 2.9824
13id13id13id-13id -5.03220121695 -2.01092126714 2.7686
13id13id13id-13id- -5.02050032189 -2.06697671789 2.7267
13id13id13id13id -4.94839015467 -2.18970005909 2.5646
13id13id13id13id- -4.98594186439 -2.15895119533 2.6072
13ie13ie -4.4041624775 -0.596745648017 3.3727
13ie13ie- -4.63164964655 -0.535792148174 3.8777
13ie13ie-13ie -4.24579222344 -0.831579890715 3.1209
13ie13ie-13ie-13ie -3.9810254585 -1.09253706192 2.5893
13ie13ie-13ie-13ie- -3.94320163493 -1.15539535863 2.5385
13ie13ie-13ie13ie- -4.04850969047 -0.989678030933 2.7465
13ie13ie-4ie13ie -4.25531620779 -1.36927683576 2.5866
13ie13ie13ie -4.03708090925 -0.984235754162 2.8297
13ie13ie13ie-13ie -3.99082155669 -1.06097185664 2.6752
13ie13ie13ie-13ie- -3.96714765273 -1.11457828284 2.6240
13ie13ie13ie13ie -3.86619341861 -1.23403625798 2.4398
13ie13ie13ie13ie- -3.91381334037 -1.17879714875 2.5148
13if13if -3.92442578007 0.28463107516 3.9973
13if13if- -4.07299993594 0.364632543704 3.8445
13if13if-13if -3.53258185251 0.0707495980321 3.4659
13if13if-13if-13if -3.19760971721 -0.213609363289 2.6322
13if13if-13if-13if- -3.21720191359 -0.349666282582 2.2492
13if13if-13if13if- -3.34155793782 -0.195105622265 3.0008
13if13if-4if13if -3.55734421182 -0.434837914059 2.9871
13if13if13if -3.52414632351 -0.221772778447 3.1878
13if13if13if-13if -3.33774834408 -0.294971401026 2.9018
13if13if13if-13if- -3.36876932168 -0.421776449807 2.5983
13if13if13if13if -3.33203395347 -0.519465317859 2.6995
13if13if13if13if- -3.39951818544 -0.488172226421 2.7800
13ih13ih -3.52142518513 0.447627264472 3.6924
13ih13ih- -3.64360429865 0.714570940124 4.2045
13ih13ih-13ih -3.19570492034 0.336332704491 3.3838
13ih13ih-13ih-13ih -2.90780847912 -0.0242181316341 2.7194
13ih13ih-13ih-13ih- -2.86971254172 -0.14041074071 2.5883
13ih13ih-13ih13ih- -2.95080246561 0.127893504135 2.9158
13ih13ih-4ih13ih -3.30781582184 -0.235922698053 2.8981
13ih13ih13ih -3.0762469452 -0.00843552899613 2.9225
13ih13ih13ih-13ih -2.9260401063 -0.0225854486025 2.7516
13ih13ih13ih-13ih- -2.89910083628 -0.109117649273 2.6605
13ih13ih13ih13ih -2.84386172705 -0.268848472522 2.4557
13ih13ih13ih13ih- -2.88059709526 -0.168982693761 2.5679
13ii -5.14077463855 1.45009464582 5.8376
13ii13ii -3.84388008385 0.189391231655 3.6239
13ii13ii- -4.06129904088 0.441912873862 4.3636
13ii13ii-13ii -3.59407958003 0.0677563458076 3.4742
13ii13ii-13ii-13ii -3.25502573715 -0.276195546164 2.7539
13ii13ii-13ii-13ii- -3.19842605873 -0.392116041401 2.6172
13ii13ii-13ii13ii- -3.34700021459 -0.128981959489 3.0093
13ii13ii-4ii13ii -3.64278795714 -0.503410601382 2.9585
13ii13ii13ii -3.37965387522 -0.242453430179 2.9312
13ii13ii13ii-13ii -3.28278134869 -0.241637088663 2.8408
13ii13ii13ii-13ii- -3.229991264 -0.332795224589 2.7199
13ii13ii13ii13ii -3.14400329101 -0.492253934 2.4944
13ii13ii13ii13ii- -3.19842605873 -0.392116041401 2.6173
13il13il -3.80496780493 0.438647507799 4.0963
13il13il- -3.89313268863 0.588582232859 4.3415
13il13il-13il -3.33312240883 0.0968725265362 2.7621
13il13il-13il-13il -3.14400329101 -0.358101811578 2.0168
13il13il-13il-13il- -3.14073792495 -0.585588980635 1.8771
13il13il-13il13il- -3.12468320847 -0.123267568879 2.4713
13il13il13il -3.31026484639 0.00952398435047 3.2248
13il13il13il-13il -3.0607364564 -0.104491714017 2.6463
13il13il13il-13il- -2.99352433827 -0.34041441207 1.9927
13il13il13il13il -3.04930767518 -0.233745787344 2.6690
13il13il13il13il- -3.05529417963 -0.129798301005 2.7963
13la13la -3.9429295211 0.0734707364179 2.9656
13la13la- -4.09612961222 0.38259205705 4.3434
13la13la-13la -3.64904657542 -0.274290749294 2.8032
13la13la-13la-13la -3.38972208725 -0.504771170575 2.4060
13la13la-13la-13la- -3.29094476385 -0.316468394274 2.8720
13la13la-13la13la- -3.32849647357 -0.352387420967 2.6714
13la13la13la -3.48088022318 -0.341774981263 2.4140
13la13la13la-13la -3.35679631278 -0.528172960693 2.6217
13la13la13la-13la- -3.24659020816 -0.346673030357 2.6819
13la13la13la13la -3.24142004522 -0.620419551974 2.0218
13la13la13la13la- -3.21393654753 -0.456607021145 2.3671
13ld13ld- -5.20417716294 -1.14940885418 3.8320
13ld13ld-13ld -4.84961283126 -1.79159751324 2.6732
13ld13ld-13ld-13ld -4.67926956831 -1.98670313551 2.4038
13ld13ld-13ld-13ld- -4.59845175825 -1.80846857124 2.5902
13ld13ld-13ld13ld- -4.61477858856 -1.84329914257 2.4339
13ld13ld13ld -3.13692833121 -2.43296983079 0.1830
13ld13ld13ld-13ld -3.15407150304 -2.26317079551 0.2163
13ld13ld13ld13ld -3.2158413444 -2.67270212258 0.1601
13ld13ld13ld13ld- -3.12658800534 -2.46507926374 0.1812
13le13le -2.53800577248 -1.45199944269 0.1413
13le13le- -4.44715646399 -0.357829697739 3.8707
13le13le-13le -4.07925855423 -1.00518851973 2.6932
13le13le-13le-13le -3.79680438978 -1.1466877158 2.3520
13le13le-13le-13le- -3.70646259537 -0.970085834555 2.5299
13le13le-13le13le- -3.79544382058 -1.01770575631 2.4426
13le13le13le -2.61691878567 -1.90942280535 -0.1350
13le13le13le-13le -2.41501031744 -1.49907513676 0.1365
13le13le13le-13le- -2.34235592254 -1.37934504779 0.1306
13le13le13le13le -2.70209041715 -2.12711387622 0.0489
13le13le13le13le- -2.45147357181 -1.82289060468 -0.0881
13lf13lf- -3.94918813938 0.553207433843 3.7593
13lf13lf-13lf -3.44550542416 -0.380143032503 2.1495
13lf13lf-13lf-13lf -3.06944409924 -0.11347147069 2.3229
13lf13lf-13lf-13lf- -2.98508880928 -0.0141499196064 2.1971
13lf13lf-13lf13lf- -3.160874349 -0.349394168743 1.9818
13lh13lh- -3.55679998414 0.881376723177 4.2381
13lh13lh-13lh -3.17175890255 0.158914481734 2.4270
13lh13lh-13lh-13lh -2.82998392128 0.0854437453157 2.2560
13lh13lh-13lh-13lh- -2.70209041715 0.215514160159 2.6238
13lh13lh-13lh13lh- -2.8378752226 0.154832774155 2.2489
13li13li -3.31026484639 -0.276739773841 2.1054
13li13li- -3.89313268863 0.588854346698 4.3418
13li13li-13li -3.44985924558 -0.0745591917723 2.6348
13li13li-13li-13li -3.15162247849 -0.242453430179 2.4826
13li13li-13li-13li- -3.05556629347 -0.129798301005 2.7963
13li13li-13li13li- -3.12495532231 -0.122451227363 2.4714
13li13li13li -3.31842826154 -0.627222397938 1.9382
13li13li13li-13li -3.08849206794 -0.46912425772 1.9772
13li13li13li-13li- -3.00440889182 -0.341230753585 2.0026
13li13li13li13li -3.38700094887 -0.84219233042 1.8624
13li13li13li13li- -3.15407150304 -0.585861094473 1.8890
13ll -4.73097119764 1.31703097875 5.0022
13ll13ll -3.70836739224 0.48463474652 3.5746
13ll13ll- -3.70646259537 0.817429971109 4.4291
13ll13ll-13ll -3.31162541558 0.0198643102167 2.5523
13ll13ll-13ll-13ll -3.29339378839 -0.306400182247 2.2093
13ll13ll-13ll-13ll- -3.18182711457 0.0878927698629 3.0017
13ll13ll-13ll13ll- -2.93556409065 -0.0296604084058 2.5594
13ll13ll13ll -3.46809087276 0.106396510887 3.1443
13ll13ll13ll-13ll -3.09094109249 -0.13660114697 2.4695
13ll13ll13ll-13ll- -3.0536614966 0.0955119573433 2.9654
13ll13ll13ll13ll -3.33774834408 -0.112655129174 2.7112
13ll13ll13ll13ll- -3.18182711457 0.0878927698629 3.0017
3 -7.03359849974 -0.140138626871 5.3851
33 -6.32147658417 -1.58234197137 3.1044
333 -5.97126607391 -2.52059048681 2.0766
3333 -5.76282687355 -3.06318548095 1.4942
4dd -7.59551357642 -2.76440448618 4.6967
4dd4dd -7.31251518429 -3.41666135727 3.5199
4dd4dd4dd -6.99033239941 -3.7807496733 2.9319
4dd4dd4dd4dd -6.81726799807 -3.99000521517 2.5874
4dh -6.05153965629 -0.939881198472 4.6947
4dh4dh -5.9345307057 -1.79023694405 3.6932
4dh4dh- -3.51571079452 -2.04711240767 0.4483
4dh4dh-4dh -3.35380306056 -2.20765957244 0.4285
4dh4dh-4dh-4dh -3.46373705135 -2.40684690228 0.3602
4dh4dh-4dh-4dh- -3.48224079237 -2.26480347854 0.4292
4dh4dh-4dh4dh -3.35244249137 -2.29446388695 0.4306
4dh4dh-4dh4dh- -3.32523110751 -2.17146843191 0.5426
4dh4dh4dh -5.76554801194 -2.10534476913 3.3127
4dh4dh4dh-4dh -3.51652713603 -2.51025016095 0.3369
4dh4dh4dh-4dh- -3.65340039684 -2.4577321901 0.3419
4dh4dh4dh4dh -5.63493336942 -2.29419177311 3.0324
4dh4dh4dh4dh- -3.75027292338 -2.52984235732 0.3429
4hd -6.04718583487 -0.913214042291 4.7045
4hd4hd -5.89833956517 -1.74207279462 3.6619
4hd4hd- -3.72632690558 -2.0691536286 0.6750
4hd4hd-4hd -3.55707209798 -2.26126599864 0.6023
4hd4hd-4hd-4hd -3.62591689914 -2.39514600722 0.5725
4hd4hd-4hd-4hd- -3.96769188041 -2.52793756045 0.5621
4hd4hd-4hd4hd -3.69775495253 -2.54426439077 0.5079
4hd4hd-4hd4hd- -3.49040420753 -2.29337543159 0.6190
4hd4hd4hd -5.70731565048 -2.04602395232 3.2944
4hd4hd4hd-4hd -3.50727526552 -2.2835793334 0.6083
4hd4hd4hd-4hd- -3.81449178928 -2.40222096703 0.5555
4hd4hd4hd4hd -5.56472799906 -2.22942867953 3.0197
4hd4hd4hd4hd- -3.60169876751 -2.19786347425 0.6437
4hh -4.39137312708 0.233745787344 4.1045
4hh4hh -4.11544969476 -0.444361898409 3.3020
4hh4hh4hh -3.929595943 -0.751034194494 2.8887
4hh4hh4hh4hh -3.8033351219 -0.920833229771 2.6236
6aa -7.03523118277 -0.795116636345 4.9111
6aa6aa -6.24582893704 -1.75241312049 3.8151
6aa6aa- -6.25644137674 -1.75976019413 4.0675
6aa6aa-4aa6aa -5.43275278735 -2.27786494279 3.0016
6aa6aa-6aa -5.83248801623 -2.20330575102 3.4519
6aa6aa-6aa-6aa -5.5911230414 -2.43487462766 3.0028
6aa6aa-6aa-6aa- -5.58704133383 -2.43569096917 3.0014
6aa6aa-6aa6aa- -5.60336816414 -2.43677942453 3.0034
6aa6aa6aa -5.80963045379 -2.1954144497 3.3628
6aa6aa6aa-6aa -5.58921824453 -2.42888812321 3.0033
6aa6aa6aa-6aa- -5.58459230928 -2.4302486924 3.0014
6aa6aa6aa6aa -5.57234718654 -2.4267112125 3.0012
6aa6aa6aa6aa- -5.57615678028 -2.42589487098 3.0025
6ad6ad -7.05427915148 -2.80195619591 3.4068
6ad6ad- -6.54651472868 -2.83270505967 2.6710
6ad6ad-4ad6ad -6.18052161578 -3.27570638889 2.2480
6ad6ad-6ad -6.35712349702 -3.17366369942 2.3706
6ad6ad-6ad-6ad -6.3541302448 -3.40985851131 2.2630
6ad6ad-6ad-6ad- -6.52882732917 -3.41149119434 2.4972
6ad6ad-6ad6ad- -6.26895861332 -3.38564037967 2.2168
6ad6ad6ad -6.75304913216 -3.21638557207 2.9711
6ad6ad6ad-6ad -6.32202081184 -3.43053916304 2.2081
6ad6ad6ad-6ad- -6.54270513494 -3.4351650983 2.3273
6ad6ad6ad6ad -6.57916838931 -3.45557363619 2.7766
6ad6ad6ad6ad- -6.40093382503 -3.45530152235 2.2549
6ae6ae -6.07820681247 -1.97010419135 3.2741
6ae6ae- -5.40526928965 -1.960580207 2.3753
6ae6ae-4ae6ae -4.99083991349 -2.32249161232 1.9923
6ae6ae-6ae -5.1334275649 -2.24493916833 2.0855
6ae6ae-6ae-6ae -5.16336008715 -2.44548706736 2.0292
6ae6ae-6ae-6ae- -5.53261856611 -2.4577321901 2.2134
6ae6ae-6ae6ae- -5.02567048482 -2.41773145583 1.9386
6ae6ae6ae -5.7878613467 -2.32684543374 2.8343
6ae6ae6ae-6ae -5.07601154496 -2.47650804496 1.9283
6ae6ae6ae-6ae- -5.36989449063 -2.4873925985 2.0594
6ae6ae6ae6ae -5.59166726908 -2.52004625913 2.6380
6ae6ae6ae6ae- -5.21914342406 -2.50507999801 2.0224
6af6af -5.86350899383 -1.76438612938 3.7964
6af6af- -6.00555241757 -1.80003304224 3.8462
6af6af-4af6af -5.08417496012 -2.14942721098 2.7623
6af6af-6af -5.55493190087 -2.13881477128 3.1956
6af6af-6af-6af -5.21288480577 -2.29364754543 2.7462
6af6af-6af-6af- -5.21968765174 -2.32956657213 2.7195
6af6af-6af6af- -5.40690197268 -2.38045185994 2.8310
6af6af6af -5.5875855615 -2.23214981791 3.1691
6af6af6af-6af -5.40799042804 -2.41555454512 2.8092
6af6af6af-6af- -5.41996343693 -2.44984088878 2.7853
6af6af6af6af -5.43057587664 -2.48902528154 2.7820
6af6af6af6af- -5.48227750597 -2.50208674579 2.8092
6ah6ah -5.35819359558 -1.41335927761 3.5741
6ah6ah- -5.5911230414 -1.4422033445 3.7380
6ah6ah-4ah6ah -4.93505657658 -1.85418369612 2.8479
6ah6ah-6ah -5.31193424302 -1.82397906003 3.2225
6ah6ah-6ah-6ah -5.0381877214 -2.00956069795 2.8111
6ah6ah-6ah-6ah- -4.95954682205 -2.02534330059 2.7195
6ah6ah-6ah6ah- -5.12553626359 -2.02697598362 2.8670
6ah6ah6ah -5.07165772355 -1.77146108919 3.0626
6ah6ah6ah-6ah -5.02893585089 -1.96738305297 2.8444
6ah6ah6ah-6ah- -4.96771023721 -1.97881183419 2.7719
6ah6ah6ah6ah -4.88770876866 -1.97010419135 2.7190
6ah6ah6ah6ah- -4.95056706538 -1.9535052472 2.7973
6ai6ai -5.89425785759 -1.4958097707 3.6965
6ai6ai- -5.66132841176 -1.48274830645 3.2039
6ai6ai-4ai6ai -5.13397179258 -1.88656524291 2.7899
6ai6ai-6ai -5.4803727091 -1.84384337025 2.7895
6ai6ai-6ai-6ai -5.2645864351 -2.03758842332 2.7570
6ai6ai-6ai-6ai- -5.27873635471 -2.06017387193 2.7599
6ai6ai-6ai6ai- -5.2730219641 -2.03160191887 2.6196
6ai6ai6ai -5.50186970235 -1.8618028836 3.2387
6ai6ai6ai-6ai -5.26349797975 -2.02534330059 2.6695
6ai6ai6ai-6ai- -5.26567489046 -2.04602395232 2.7006
6ai6ai6ai6ai -5.27411041945 -2.05990175809 2.9811
6ai6ai6ai6ai- -5.25914415833 -2.03595574029 2.7870
6al6al -5.51710807731 -1.46750993149 3.7493
6al6al- -5.59085092757 -1.43322358783 3.6964
6al6al6al -5.09587585518 -1.80574743285 3.1309
6al6al6al6al -4.83519079782 -1.99241752612 2.7113
6al6al6al6al- -4.83573502549 -1.94425337669 2.7511
6da6da -6.93482117634 -2.66617139045 3.1497
6da6da- -6.92692987502 -2.87896441223 3.2243
6da6da-4da6da -6.33998032519 -3.27924386879 2.8152
6da6da-6da -6.62025757893 -3.17611272396 3.0381
6da6da-6da-6da -6.46379212175 -3.40006241312 2.8246
6da6da-6da-6da- -6.50733033592 -3.41312387737 2.6842
6da6da-6da6da- -6.44692106375 -3.36931354936 2.8184
6da6da6da -6.61889700974 -3.12087361473 2.7427
6da6da6da-6da -6.3957636621 -3.33393875034 2.8091
6da6da6da-6da- -6.468418057 -3.39244322564 2.8080
6da6da6da6da -6.44039033163 -3.3646876141 2.5299
6da6da6da6da- -6.39902902816 -3.35734054046 2.6125
6dd -7.92014538585 -3.10563523977 4.0695
6dd6dd -7.60748658532 -3.73149706851 2.8909
6dd6dd6dd -7.42108860589 -4.10129977515 2.4658
6dd6dd6dd6dd -7.30516811065 -4.3372224732 2.2626
6de6de -6.65726506098 -2.9189651465 2.8746
6de6de6de -6.46896228468 -3.229991264 2.4310
6de6de6de6de -6.33617073145 -3.42019883717 2.2230
6df6df -6.52474562159 -2.62916390841 3.1155
6df6df- -3.6806117807 -2.75760164022 -0.2810
6df6df-4df6df -3.28196500717 -2.53664520329 -0.3404
6df6df-6df -3.40659314524 -2.71270285685 -0.3275
6df6df-6df-6df -3.36223858956 -2.75515261567 -0.3073
6df6df-6df-6df- -3.80006975584 -3.16686085345 -0.4180
6df6df-6df6df- -3.45258038397 -2.78045920266 -0.3459
6df6df6df -6.35195333409 -3.12305052544 2.7453
6df6df6df-6df -3.71081641678 -3.00059929808 -0.2911
6df6df6df-6df- -3.99136578436 -3.38999420109 -0.4085
6df6df6df6df -6.2504548723 -3.39706916089 2.5523
6df6df6df6df- -4.01667237135 -3.47135623883 -0.3689
6dh6dh -6.05670981922 -2.27976973966 3.1693
6dh6dh- -4.07408839129 -2.36847885104 0.7296
6dh6dh-4dh6dh -4.00796472852 -2.68385878996 0.7041
6dh6dh-6dh -3.89775862389 -2.51269918549 0.7092
6dh6dh-6dh-6dh -4.0452443244 -2.76658139689 0.6683
6dh6dh-6dh-6dh- -4.28062279478 -2.81420131865 0.7629
6dh6dh-6dh6dh- -3.85857423113 -2.52739333278 0.7671
6dh6dh6dh -5.8654137907 -2.65147724317 2.8502
6dh6dh6dh-6dh -4.02238676196 -2.75923432325 0.6553
6dh6dh6dh-6dh- -4.32252832592 -2.88957685193 0.6997
6dh6dh6dh6dh -5.74051353879 -2.85991644353 2.6331
6dh6dh6dh6dh- -4.22783271009 -2.84059636099 0.6640
6di6di -6.54188879342 -2.39677869026 3.0889
6di6di- -4.92716527526 -2.51623666539 1.3772
6di6di-4di6di -4.8653954339 -2.71705667827 1.3982
6di6di-6di -4.58158070025 -2.5804555313 1.3712
6di6di-6di-6di -4.87927323967 -2.81719457087 1.3339
6di6di-6di-6di- -5.0311127616 -2.87950863991 1.4020
6di6di-6di6di- -4.42729215378 -2.68277033461 1.2616
6di6di6di -6.26542113342 -2.7616833478 2.7226
6di6di6di-6di -4.63491501262 -2.80930326955 1.3338
6di6di6di-6di- -5.06349430839 -2.92114205721 1.3586
6di6di6di6di -6.09861535037 -2.96957832048 2.5123
6di6di6di6di- -5.000091784 -2.91433921124 1.3272
6dl6dl -6.20446763357 -2.33065502748 3.1913
6dl6dl- -3.48360136156 -2.07677281608 0.2148
6dl6dl6dl -5.89725110981 -2.6876683837 2.7838
6dl6dl6dl6dl -5.69996857684 -2.88359034748 2.5674
6dl6dl6dl6dl- -3.75163349257 -2.33745787344 0.3306
6ea6ea -5.49642742558 -1.84085011803 2.5788
6ea6ea- -5.90106070355 -1.99432232299 2.7838
6ea6ea-4ea6ea -5.31030155998 -2.30425998514 2.4460
6ea6ea-6ea -5.59030669989 -2.2264354273 2.6434
6ea6ea-6ea-6ea -5.40662985884 -2.42616698482 2.2706
6ea6ea-6ea-6ea- -5.37778579195 -2.47242633738 2.0944
6ea6ea-6ea6ea- -5.38213961337 -2.37827494923 2.5796
6ea6ea6ea -5.30594773857 -2.22888445185 2.1657
6ea6ea6ea-6ea -5.23655870973 -2.35215202073 2.2486
6ea6ea6ea-6ea- -5.33941774071 -2.4492966611 2.2135
6ea6ea6ea6ea -5.22921163609 -2.43052080624 1.9808
6ea6ea6ea6ea- -5.16118317644 -2.38698259207 2.0098
6ed6ed -6.20501186125 -2.95488417319 2.3100
6ed6ed6ed -6.00745721444 -3.23189606087 1.9157
6ed6ed6ed6ed -5.91983655841 -3.42155940637 1.7389
6ee -6.19004560013 -1.83268670287 4.1673
6ee6ee -5.52010132953 -2.19350965283 2.3869
6ee6ee6ee -5.22975586376 -2.41419397593 1.9597
6ee6ee6ee6ee -5.09587585518 -2.56249601795 1.7748
6ef6ef -5.41697018471 -1.84112223187 2.5389
6ef6ef- -2.76549294154 -2.01146549482 -0.4437
6ef6ef-4ef6ef -2.5458970738 -2.20765957244 -0.3389
6ef6ef-6ef -2.77637749508 -2.18670680687 -0.1207
6ef6ef-6ef-6ef -2.72113838585 -2.37256055862 -0.2252
6ef6ef-6ef-6ef- -2.93311506611 -2.33555307657 -0.4717
6ef6ef-6ef6ef- -2.75841798174 -2.16956363504 -0.1262
6ef6ef6ef -5.30948521847 -2.27024575531 2.1736
6ef6ef6ef-6ef -3.0155655592 -2.41718722815 -0.1075
6ef6ef6ef-6ef- -3.05284515508 -2.52140682833 -0.4710
6ef6ef6ef6ef -5.18730610494 -2.50453577034 1.9977
6ef6ef6ef6ef- -2.98563303695 -2.57365268534 -0.5074
6eh6eh -5.09261048912 -1.50696643808 2.5673
6eh6eh- -3.36060590652 -1.63730896677 0.7326
6eh6eh-4eh6eh -3.29529858526 -1.85119044389 0.7610
6eh6eh-6eh -3.15189459233 -1.7045210849 0.8407
6eh6eh-6eh-6eh -3.3146186678 -1.93772264456 0.7070
6eh6eh-6eh-6eh- -3.50264933026 -2.01445874704 0.7604
6eh6eh-6eh6eh- -3.07189312379 -1.80846857124 0.8177
6eh6eh6eh -4.85396665268 -1.82969345064 2.2252
6eh6eh6eh-6eh -3.21529711672 -1.88302776301 0.7904
6eh6eh6eh-6eh- -3.49720705349 -2.03405094342 0.7052
6eh6eh6eh6eh -4.70348769994 -2.00629533189 2.0577
6eh6eh6eh6eh- -3.40305566534 -1.9535052472 0.6910
6ei6ei -5.21914342406 -1.59186595572 2.5412
6ei6ei- -4.02320310348 -1.74833141291 1.2528
6ei6ei-4ei6ei -3.86592130478 -1.84384337025 1.2661
6ei6ei-6ei -3.45094770093 -1.75431791736 1.1113
6ei6ei-6ei-6ei -3.88224813509 -1.93745053072 1.2121
6ei6ei-6ei-6ei- -4.10891896263 -2.03677208181 1.2705
6ei6ei-6ei6ei- -3.20522890469 -1.90833435 0.7862
6ei6ei6ei -4.98186015681 -1.91622565131 2.1723
6ei6ei6ei-6ei -3.44441696881 -1.94398126285 0.9944
6ei6ei6ei-6ei- -4.05585676411 -2.04112590323 1.2110
6ei6ei6ei6ei -4.86648388925 -2.09010639417 1.9875
6ei6ei6ei6ei- -3.9619774898 -1.99758768905 1.1957
6el6el -5.1919320402 -1.5507767661 2.5758
6el6el- -2.86209335424 -1.24655349456 0.5172
6el6el6el -4.86866079996 -1.85908174521 2.1516
6el6el6el6el -4.69886176468 -2.02371061756 1.9535
6el6el6el6el- -2.95733319774 -1.45853017482 0.5998
6fa6fa -5.7497654093 -1.7151335246 3.7125
6fa6fa- -5.57996637402 -1.44002643379 3.8568
6fa6fa-4fa6fa -5.09587585518 -2.09582078478 2.8205
6fa6fa-6fa -5.49425051487 -2.09255541872 3.1935
6fa6fa-6fa-6fa -5.19628586162 -2.28031396734 2.7379
6fa6fa-6fa-6fa- -4.92417202303 -2.01581931624 2.7470
6fa6fa-6fa6fa- -5.1334275649 -2.12602542086 2.8210
6fa6fa6fa -5.492345718 -2.15786273998 3.1164
6fa6fa6fa-6fa -5.24608269408 -2.29364754543 2.7603
6fa6fa6fa-6fa- -4.98349283984 -2.04139801706 2.7624
6fa6fa6fa6fa -5.35247920497 -2.39786714561 2.7564
6fa6fa6fa6fa- -5.1157401654 -2.15296469088 2.7669
6fd6fd -6.50025537612 -2.62508220083 3.4610
6fd6fd- -3.58727673406 -2.18970005909 0.1894
6fd6fd-4fd6fd -3.04930767518 -2.53637308945 -0.2969
6fd6fd-6fd -3.35543574359 -2.56712195321 0.0617
6fd6fd-6fd-6fd -3.23869890684 -2.65338204004 -0.2132
6fd6fd-6fd-6fd- -3.97177358799 -2.6544704954 0.1965
6fd6fd-6fd6fd- -2.98917051686 -2.26425925087 0.0521
6fd6fd6fd -6.35657926934 -3.09284588936 2.9623
6fd6fd6fd-6fd -3.24033158987 -2.85855587433 -0.1343
6fd6fd6fd-6fd- -3.69748283869 -2.79216009772 0.1471
6fd6fd6fd6fd -6.27059129635 -3.36495972794 2.6451
6fd6fd6fd6fd- -3.40332777918 -2.91107384518 0.0289
6fe6fe -5.49425051487 -1.84302702874 3.2586
6fe6fe- -2.89257010416 -1.90724589464 -0.0480
6fe6fe-4fe6fe -2.58589780807 -2.05445948132 0.0706
6fe6fe-6fe -2.65229358469 -1.98915216006 0.0822
6fe6fe-6fe-6fe -2.45882064545 -2.13527729138 -0.2441
6fe6fe-6fe-6fe- -3.12359475312 -2.14480127573 0.0393
6fe6fe-6fe6fe- -2.34072323951 -1.71295661389 -0.0458
6fe6fe6fe -5.31356692605 -2.24575550984 2.7697
6fe6fe6fe-6fe -2.59814293081 -1.99432232299 0.0551
6fe6fe6fe-6fe- -2.87433847697 -2.06099021344 -0.1574
6fe6fe6fe6fe -5.20526561829 -2.47269845122 2.4781
6fe6fe6fe6fe- -2.72522009343 -2.08194297901 0.1160
6ff -5.61969499446 -0.688992239297 4.4820
6ff6ff -5.20472139061 -1.81255027881 3.1970
6ff6ff- -4.38212125657 -1.52383749608 2.2852
6ff6ff-4ff6ff -4.02293098964 -1.93636207537 1.7504
6ff6ff-6ff -4.24932970334 -2.08411988972 2.0121
6ff6ff-6ff-6ff -4.11055164566 -2.06888151476 1.9354
6ff6ff-6ff-6ff- -4.10946319031 -1.85363946844 2.0619
6ff6ff-6ff6ff- -3.74891235418 -2.13310038067 1.4587
6ff6ff6ff -5.03437812766 -2.32439640919 2.6269
6ff6ff6ff-6ff -4.25368352476 -2.36875096488 1.7834
6ff6ff6ff-6ff- -4.21313856281 -2.12548119319 1.9409
6ff6ff6ff6ff -4.9415873087 -2.6150139888 2.2787
6ff6ff6ff6ff- -4.3872914195 -2.35596161447 1.8991
6fh6fh -4.67899745447 -1.47131952523 2.9693
6fh6fh- -2.77773806427 -1.34941252554 0.6079
6fh6fh-4fh6fh -2.87542693233 -1.77826393515 0.5594
6fh6fh-6fh -3.08032865278 -1.89173540584 0.5479
6fh6fh-6fh-6fh -2.97937441867 -1.93010345708 0.5541
6fh6fh-6fh-6fh- -2.80767058652 -1.70424897106 0.5493
6fh6fh-6fh6fh- -2.71678456443 -1.93853898608 0.2389
6fh6fh6fh -4.47055825411 -1.88003451078 2.4671
6fh6fh6fh-6fh -2.99869450121 -2.04792874919 0.3486
6fh6fh6fh-6fh- -2.74345172061 -1.80275418063 0.3332
6fh6fh6fh6fh -4.34620222988 -2.115685095 2.1495
6fh6fh6fh6fh- -2.67515114713 -1.93581784769 0.1299
6fi6fi -5.27928058239 -1.50968757647 3.4528
6fi6fi- -2.55188357825 -1.32247325552 0.6360
6fi6fi-4fi6fi -2.67787228551 -1.71894311834 0.6327
6fi6fi-6fi -2.82916757977 -1.80520320517 0.6073
6fi6fi-6fi-6fi -2.80386099278 -1.86425190815 0.6482
6fi6fi-6fi-6fi- -2.64413016953 -1.67159531043 0.6397
6fi6fi-6fi6fi- -2.53065869884 -1.79486287931 0.3762
6fi6fi6fi -5.0297521924 -1.90751800848 2.9118
6fi6fi6fi-6fi -2.8103917249 -1.98234931409 0.3681
6fi6fi6fi-6fi- -2.63242927447 -1.79758401769 0.3460
6fi6fi6fi6fi -4.88689242715 -2.13255615299 2.5758
6fi6fi6fi6fi- -2.60848325667 -1.89717768261 0.1025
6fl6fl -4.9070288512 -1.46887050068 3.1989
6fl6fl- -3.50890794855 -1.38533155224 1.2478
6fl6fl6fl -4.62784005281 -1.82642808458 2.6728
6fl6fl6fl6fl -4.4613063836 -2.02806443897 2.3409
6fl6fl6fl6fl- -3.18536459447 -1.86479613582 0.6615
6ha6ha -5.24363366953 -1.35322211928 3.5296
6ha6ha- -5.53778872904 -1.36383455899 3.8051
6ha6ha-4ha6ha -4.86974925532 -1.77445434141 2.8567
6ha6ha-6ha -5.22594627002 -1.74724295755 3.2281
6ha6ha-6ha-6ha -4.96634966801 -1.94724662891 2.7896
6ha6ha-6ha-6ha- -4.87274250754 -1.90887857767 2.7400
6ha6ha-6ha6ha- -5.03356178614 -1.95132833649 2.8605
6ha6ha6ha -4.95954682205 -1.70860279247 2.9944
6ha6ha6ha-6ha -4.94539690244 -1.95132833649 2.7584
6ha6ha6ha-6ha- -4.89587218382 -1.93391305082 2.7321
6ha6ha6ha6ha -4.79546217738 -1.89935459332 2.6647
6ha6ha6ha6ha- -4.86376275087 -1.9379947584 2.6846
6hd6hd -6.08555388611 -2.245483396 3.4245
6hd6hd- -4.01095798074 -2.34997511002 0.6966
6hd6hd-4hd6hd -3.74591910196 -2.69365488815 0.5499
6hd6hd-6hd -3.87571740296 -2.50453577034 0.6999
6hd6hd-6hd-6hd -3.791362113 -2.82345318916 0.4716
6hd6hd-6hd-6hd- -4.35708678342 -2.97093888967 0.5372
6hd6hd-6hd6hd- -3.84850601911 -2.56576138402 0.7198
6hd6hd6hd -5.93507493338 -2.60576211829 3.0046
6hd6hd6hd-6hd -3.74809601267 -2.72195472736 0.5793
6hd6hd6hd-6hd- -4.08606140019 -2.89964506396 0.4740
6hd6hd6hd6hd -5.84663793584 -2.81066383874 2.7368
6hd6hd6hd6hd- -3.82047829373 -2.73528830546 0.5156
6he6he -5.1502986229 -1.4887348109 3.2665
6he6he- -3.33230606731 -1.5853352236 0.8103
6he6he-4he6he -3.02917125113 -1.85717694834 0.6361
6he6he-6he -3.07053255459 -1.73880742856 0.8754
6he6he-6he-6he -3.06781141621 -1.97336955742 0.6302
6he6he-6he-6he- -3.57612006668 -2.0797660683 0.6192
6he6he-6he6he- -2.97774173563 -1.85119044389 0.6751
6he6he6he -4.95492088679 -1.79295808244 2.8503
6he6he6he-6he -2.92876124469 -1.91377662677 0.6467
6he6he6he-6he- -3.32332631064 -2.03867687868 0.5934
6he6he6he6he -4.83655136701 -1.95731484094 2.5954
6he6he6he6he- -3.0776075144 -1.9105112607 0.6751
6hf6hf -4.72035875793 -1.45689749178 3.0490
6hf6hf- -4.34021572543 -1.52737497598 2.2987
6hf6hf-4hf6hf -2.58671414959 -1.74724295755 0.3845
6hf6hf-6hf -3.04114426002 -1.88302776301 0.4898
6hf6hf-6hf-6hf -2.94862555491 -1.89064695049 0.5415
6hf6hf-6hf-6hf- -4.0917757908 -1.84874141935 2.0367
6hf6hf-6hf6hf- -3.09066897865 -2.0882015973 0.3762
6hf6hf6hf -4.50538882545 -1.88738158442 2.5114
6hf6hf6hf-6hf -3.18590882215 -2.12085525793 0.4955
6hf6hf6hf-6hf- -4.18919254501 -2.04411915545 1.9519
6hf6hf6hf6hf -4.37967223202 -2.13255615299 2.1753
6hf6hf6hf6hf- -4.25504409395 -2.16847517968 1.9252
6hh -4.75872680917 -0.380415146342 3.9115
6hh6hh -4.28960255145 -1.09961202172 2.9571
6hh6hh6hh -4.05476830875 -1.42642074186 2.4948
6hh6hh6hh6hh -3.91163642966 -1.61009758291 2.2011
6hi6hi -4.83546291165 -1.14233389438 3.3618
6hi6hi- -2.13201192531 -0.895526642783 0.4079
6hi6hi-4hi6hi -1.73146035492 -1.14804828499 0.1648
6hi6hi-6hi -1.63730896677 -1.04573348168 0.2605
6hi6hi-6hi-6hi -1.86479613582 -1.22233536292 0.1109
6hi6hi-6hi-6hi- -2.52249528368 -1.44247545834 0.4495
6hi6hi-6hi6hi- -1.68846636842 -1.03049510672 0.0492
6hi6hi6hi -4.5649817561 -1.45825806098 2.8677
6hi6hi6hi-6hi -1.96819939448 -1.47948294039 0.2079
6hi6hi6hi-6hi- -2.42562275715 -1.53553839113 0.1763
6hi6hi6hi6hi -4.40497881901 -1.63105034848 2.5608
6hi6hi6hi6hi- -2.28031396734 -1.45934651633 0.0235
6hl6hl -4.50620516697 -1.08763901282 3.1775
6hl6hl- -2.74345172061 -1.27594178912 0.6465
6hl6hl6hl -4.20551937533 -1.36628358353 2.6894
6hl6hl6hl6hl -4.02157042045 -1.51703465011 2.3798
6hl6hl6hl6hl- -2.63297350215 -1.54560660316 0.5518
6ia6ia -5.68826768178 -1.50615009657 3.2394
6ia6ia- -5.87711468576 -1.42832553873 3.7253
6ia6ia-4ia6ia -5.10866520559 -1.8724153233 2.9704
6ia6ia-6ia -5.44880750382 -1.78669946415 3.3195
6ia6ia-6ia-6ia -5.23465391286 -2.03323460191 2.8022
6ia6ia-6ia-6ia- -5.25342976772 -2.09908615084 2.6315
6ia6ia-6ia6ia- -5.20444927678 -1.97228110206 2.9946
6ia6ia6ia -5.40227603743 -1.9069737808 2.7484
6ia6ia6ia-6ia -5.19791854465 -2.00248573815 2.8761
6ia6ia6ia-6ia- -5.25315765388 -2.08629680043 2.7685
6ia6ia6ia6ia -5.22594627002 -2.12112737177 2.5714
6ia6ia6ia6ia- -5.20145602455 -2.05582005051 2.6184
6id6id -6.46923439852 -2.51269918549 3.0315
6id6id- -4.88281071957 -2.44820820575 1.4281
6id6id-4id6id -4.64171785858 -2.76739773841 1.3378
6id6id-6id -4.50783785 -2.58861894646 1.3500
6id6id-6id-6id -4.66892924244 -2.88712782739 1.3084
6id6id-6id-6id- -5.26567489046 -3.09964873532 1.3343
6id6id-6id6id- -4.34865125443 -2.72685277646 1.1437
6id6id6id -6.23739340804 -2.87896441223 2.5396
6id6id6id-6id -4.39382215163 -2.79787448833 1.1257
6id6id6id-6id- -4.98294861217 -3.01012328243 1.3246
6id6id6id6id -6.12691518958 -3.10264198755 2.3451
6id6id6id6id- -4.66566387638 -2.90481522689 1.2923
6ie6ie -5.58350385392 -1.71894311834 3.0465
6ie6ie- -4.01612814367 -1.62832921009 1.3948
6ie6ie-4ie6ie -3.76442284298 -1.85908174521 1.3080
6ie6ie-6ie -3.42400843091 -1.78452255344 1.0943
6ie6ie-6ie-6ie -3.79898130048 -1.97064841903 1.3158
6ie6ie-6ie-6ie- -4.32769848885 -2.17010786271 1.2998
6ie6ie-6ie6ie- -3.17774540699 -1.93962744143 0.7309
6ie6ie6ie -5.3075804216 -2.03758842332 2.5200
6ie6ie6ie-6ie -3.32468687983 -1.9415322383 0.9120
6ie6ie6ie-6ie- -4.07572107432 -2.12439273783 1.2851
6ie6ie6ie6ie -5.15900626573 -2.22180949205 2.3137
6ie6ie6ie6ie- -3.78510349472 -2.03214614655 1.3005
6if6if -5.31601595059 -1.57145741783 3.0972
6if6if- -4.22810482393 -1.55812383974 1.8265
6if6if-4if6if -2.64848399095 -1.73445360714 0.6582
6if6if-6if -2.87569904617 -1.80275418063 0.6803
6if6if-6if-6if -2.8427732717 -1.87704125856 0.7092
6if6if-6if-6if- -4.43300654439 -2.02044525149 1.6981
6if6if-6if6if- -3.0155655592 -2.05554793667 0.5341
6if6if6if -5.0847191878 -2.02235004836 2.6734
6if6if6if-6if -3.05420572428 -2.06534403486 0.6912
6if6if6if-6if- -4.53287232315 -2.18425778232 1.6282
6if6if6if6if -4.95247186225 -2.27459957673 2.4236
6if6if6if6if- -4.42838060913 -2.26834095844 1.4927
6ih6ih -4.85315031116 -1.22587284283 3.1149
6ih6ih- -2.17255688726 -0.967908923847 0.4757
6ih6ih-4ih6ih -1.90996703303 -1.27186008155 0.2012
6ih6ih-6ih -1.7412564531 -1.11947633194 0.1681
6ih6ih-6ih-6ih -1.97853972035 -1.34097699655 0.1737
6ih6ih-6ih-6ih- -2.49256276144 -1.6269686409 0.2356
6ih6ih-6ih6ih- -1.74288913614 -1.14233389438 0.1441
6ih6ih6ih -4.58783931854 -1.57717180844 2.6487
6ih6ih6ih-6ih -1.90779012232 -1.32519439391 0.1968
6ih6ih6ih-6ih- -2.56793829473 -1.62071002261 0.3777
6ih6ih6ih6ih -4.42484312923 -1.77472645525 2.3832
6ih6ih6ih6ih- -2.48820894002 -1.48465310332 0.5197
6ii -6.11140470078 -0.523819139276 4.8874
6ii6ii -5.35111863577 -1.27322065074 3.1864
6ii6ii6ii -5.05451455171 -1.62315904716 2.7127
6ii6ii6ii6ii -4.88063380886 -1.81363873417 2.5250
6il6il -5.05505877939 -1.24492081153 3.2099
6il6il- -2.38317299833 -1.16247031843 0.6129
6il6il6il -4.68988200801 -1.56819205176 2.6745
6il6il6il6il -4.46865345724 -1.74697084372 2.4201
6il6il6il6il- -2.4852156878 -1.52710286214 0.6917
6la6la -5.47465831849 -1.48710212787 3.6877
6la6la6la -5.07927691103 -1.85962597289 3.0311
6la6la6la6la -4.84471478217 -2.06371135183 2.6171
6ld6ld -6.35821195238 -2.38589413671 3.6425
6ld6ld6ld -6.11494218068 -2.74535651748 3.1186
6ld6ld6ld6ld -5.96691225249 -2.94263905046 2.7824
6le6le -5.45996417121 -1.62451961635 3.5051
6le6le6le -5.18975512949 -1.92683809102 3.0196
6le6le6le6le -5.00934365451 -2.0846641174 2.6951
6lf6lf -5.01750706967 -1.54424603397 3.2432
6lf6lf6lf -4.73995095431 -1.96030809317 2.6643
6lf6lf6lf6lf -4.5720567159 -2.19568656354 2.2995
6lh6lh -4.63273810191 -1.16491934298 3.2101
6lh6lh6lh -4.35082816513 -1.47648968816 2.7168
6lh6lh6lh6lh -4.16823977944 -1.64737717879 2.3952
6li6li -5.14458423229 -1.23893430708 3.5973
6li6li6li -4.79246892516 -1.55676327054 3.0237
6li6li6li6li -4.57532208197 -1.72901133037 2.6595
6ll -5.46350165111 -0.544771904847 4.4779
6ll6ll -4.81260534921 -1.17444332733 3.4070
6ll6ll6ll -4.43599979661 -1.45526480875 2.8494
6ll6ll6ll6ll -4.19871652937 -1.60329473694 2.4894
