11 -11.873143119 2.36222023276 3.0350
1111 -11.574634238 0.0253065869884 1.8771
1111- -11.7104190435 0.035374799016 2.0043
1111-11- -11.4151755286 -0.931445669476 1.3993
1111-11-11 -11.3136770668 -0.627494511777 1.7921
1111-11-11- -11.5634775707 -1.41635252983 1.3790
1111-1111 -11.3204799128 -1.16546357066 1.3739
1111-1111- -11.3136770668 -0.626678170261 1.7927
111111 -11.4666050441 -1.06124397048 1.3063
111111- -11.4154476425 -0.931445669476 1.3992
111111-11 -11.3210241405 -1.16464722914 1.3746
111111-11- -11.3128607253 -1.50805489344 1.0953
11111111 -11.4992587048 -1.33172512603 1.3343
11111111- -11.4029304059 -1.19702877594 1.4370
12aa -9.3062932796 3.27271313666 6.9156
12aa12aa -8.16205458835 1.72384116744 5.1105
12aa12aa- -8.17402759725 1.72683441966 5.1269
12aa12aa-12aa -7.69211398912 1.08301307757 4.3776
12aa12aa-12aa-12aa -7.41102039386 0.748585169947 3.9712
12aa12aa-12aa-12aa- -7.37809461939 0.783687855125 3.9831
12aa12aa-12aa12aa -7.41102039386 0.759741837329 3.9940
12aa12aa-12aa12aa- -7.43959234691 0.733074681148 3.9870
12aa12aa12aa -7.6412287013 1.1262791779 4.3926
12aa12aa12aa-12aa -7.41102039386 0.759741837329 3.9940
12aa12aa12aa-12aa- -7.38244844081 0.785864765833 4.0008
12aa12aa12aa12aa -7.34761786947 0.816069401916 3.9944
12aa12aa12aa12aa- -7.37809461939 0.783687855125 3.9831
12ae -9.23227831551 2.30779746504 4.3076
12ae12ae -8.3196085009 0.965459899299 4.2312
12ae12ae- -8.30518646745 0.981242501937 4.2146
12ae12ae-12ae -7.87987253774 0.429667751126 4.0652
12ae12ae-12ae-12ae -7.64694309191 0.124356024233 3.7065
12ae12ae-12ae-12ae- -7.62462975715 0.154560660316 3.7239
12ae12ae-12ae12ae -7.62979992008 0.152111635769 3.7367
12ae12ae-12ae12ae- -7.65429016555 0.124628138072 3.7249
12ae12ae12ae -7.86789952884 0.435926369413 4.1015
12ae12ae12ae-12ae -7.64775943343 0.120002202816 3.7414
12ae12ae12ae-12ae- -7.6221807326 0.149118383545 3.7539
12ae12ae12ae12ae -7.61701056967 0.149390497383 3.7557
12ae12ae12ae12ae- -7.63143260311 0.12490025191 3.7413
12af -9.10329635602 3.23679410997 6.4654
12af12af -8.083413689 1.64030221899 4.9772
12af12af- -8.04803888999 1.55104887993 4.8735
12af12af-12af -7.5255803199 0.952126321209 4.1481
12af12af-12af-12af -7.16121989004 0.639739634513 3.7313
12af12af-12af-12af- -7.13917866911 0.649807846541 3.7295
12af12af-12af12af -7.26135778264 0.6269502841 3.7895
12af12af-12af12af- -7.28122209286 0.546404587879 3.7478
12af12af12af -7.62109227725 0.975528111327 4.2613
12af12af12af-12af -7.31714111955 0.547220929394 3.7767
12af12af12af-12af- -7.28884128034 0.54994206778 3.7640
12af12af12af12af -7.36612161049 0.616882072072 3.8586
12af12af12af12af- -7.3887070591 0.52300279776 3.8086
12ai -9.13050773988 3.38781729038 6.8959
12ai12ai -8.00776604188 1.85799328986 5.1033
12ai12ai- -7.9726633567 1.85989808673 5.0804
12ai12ai-12ai -7.48095365038 1.23975064859 4.3312
12ai12ai-12ai-12ai -7.1835332248 0.880832495499 3.9025
12ai12ai-12ai-12ai- -7.13128736779 0.895254528944 3.8921
12ai12ai-12ai12ai -7.17183232974 0.908315993196 3.9309
12ai12ai-12ai12ai- -7.19877159976 0.878655584791 3.9125
12ai12ai12ai -7.42544242731 1.22968243657 4.3261
12ai12ai12ai-12ai -7.17727460652 0.898247781169 3.9302
12ai12ai12ai-12ai- -7.14053923831 0.92110534361 3.9349
12ai12ai12ai12ai -7.10135484555 0.917839977547 3.9098
12ai12ai12ai12ai- -7.14489305972 0.905050627133 3.9180
12al -8.84288341249 3.18536459447 6.5396
12al12al -7.6757871588 1.79894458688 4.8415
12al12al- -7.75306748896 1.84683662248 4.9183
12al12al-12al -7.28149420669 1.22750552586 4.1808
12al12al-12al-12al -7.09509622726 0.91729574987 3.8287
12al12al-12al-12al- -7.06026565592 1.02205957772 3.8661
12al12al-12al12al -6.93427694866 0.884097861562 3.7402
12al12al-12al12al- -6.98516223647 0.878655584791 3.7547
12al12al12al -7.08448378756 1.22233536292 4.1021
12al12al12al-12al -6.91577320764 0.90369005794 3.7731
12al12al12al-12al- -6.8964531251 0.980426160421 3.8032
12al12al12al12al -6.73209636659 0.926003392704 3.6848
12al12al12al12al- -6.7772672638 0.91920054674 3.6988
12ea -9.23227831551 2.30779746504 4.3076
12ea12ea -8.3196085009 0.965459899299 4.2312
12ea12ea- -8.30518646745 0.980970388099 4.2146
12ea12ea-12ea -7.87987253774 0.429939864964 4.0653
12ea12ea-12ea-12ea -7.64694309191 0.124356024233 3.7065
12ea12ea-12ea-12ea- -7.63143260311 0.12490025191 3.7413
12ea12ea-12ea12ea -7.64775943343 0.120002202816 3.7414
12ea12ea-12ea12ea- -7.65429016555 0.124628138072 3.7249
12ea12ea12ea -7.86789952884 0.436198483252 4.1016
12ea12ea12ea-12ea -7.62979992008 0.152111635769 3.7367
12ea12ea12ea-12ea- -7.6221807326 0.149118383545 3.7539
12ea12ea12ea12ea -7.61701056967 0.149390497383 3.7557
12ea12ea12ea12ea- -7.62462975715 0.154560660316 3.7239
12ee -9.3386748264 2.12384851016 4.2441
12ee12ee -8.37484761013 0.404905391814 3.9568
12ee12ee- -8.35661598294 0.428035068094 4.1330
12ee12ee-12ee -7.99552091914 0.0416334173035 3.8688
12ee12ee-12ee-12ee- -7.96096246164 -0.05768813378 3.8194
12ee12ee-12ee12ee -7.84667464943 -0.168438466084 3.6629
12ee12ee-12ee12ee- -7.7963335893 -0.190751800848 3.6057
12ee12ee12ee -7.96177880316 -0.0419055311421 3.8434
12ee12ee12ee-12ee -7.84667464943 -0.168438466084 3.6629
12ee12ee12ee-12ee- -7.72476764975 -0.285447416676 3.5343
12ee12ee12ee12ee -7.74245504926 -0.287352213546 3.5498
12ee12ee12ee12ee- -7.96096246164 -0.05768813378 3.8195
12ef -9.19799197185 2.26371502319 4.2726
12ef12ef -8.17892564635 0.91729574987 4.1806
12ef12ef- -8.23987914619 0.781238830577 4.4984
12ef12ef-12ef -7.68721594002 0.35565278703 3.7894
12ef12ef-12ef-12ef -7.37482925333 0.0302046360829 3.4352
12ef12ef-12ef-12ef- -7.42870779337 -0.00435382141736 3.4884
12ef12ef-12ef12ef -7.42625876882 0.0813620377369 3.4858
12ef12ef-12ef12ef- -7.48258633341 -0.0263950423427 3.4431
12ef12ef12ef -7.72912147117 0.378510349472 3.8592
12ef12ef12ef-12ef -7.46898064148 0.0165989441537 3.4564
12ef12ef12ef-12ef- -7.52095438465 -0.0653073212604 3.4829
12ef12ef12ef12ef -7.48530747179 0.0756476471266 3.5136
12ef12ef12ef12ef- -7.5459888578 -0.0421776449807 3.4600
12ei -9.1228885524 2.34861454083 4.3003
12ei12ei -8.35824866597 1.27349276458 4.2404
12ei12ei- -8.08776751042 1.10451007082 4.2107
12ei12ei-12ei -7.65864398697 0.58259572841 4.0000
12ei12ei-12ei-12ei -7.54462828861 0.43075620648 3.8313
12ei12ei-12ei-12ei- -7.65238536868 0.51538361028 3.9939
12ei12ei-12ei12ei -7.50898137575 0.372251731184 3.7909
12ei12ei-12ei12ei- -7.44149714378 0.31918953266 3.6945
12ei12ei12ei -8.0156573432 0.846818265676 4.2344
12ei12ei12ei-12ei -7.49700836685 0.370346934314 3.7695
12ei12ei12ei-12ei- -7.599595284 0.458239704177 3.9227
12ei12ei12ei12ei -7.83579009589 0.639195406836 4.1879
12ei12ei12ei12ei- -7.66109301152 0.527900846855 3.9845
12el -9.04560822224 2.21201339386 4.2692
12el12el -7.86436204894 1.12791186093 4.1139
12el12el- -7.87660717168 1.19784511745 4.5524
12el12el-12el -7.70626390872 0.500145235319 3.9589
12el12el-12el-12el -7.51333519717 0.227215055218 3.6774
12el12el-12el-12el- -7.5078929204 0.543411335654 3.8574
12el12el-12el12el -7.53864178416 0.287624327384 3.7216
12el12el-12el12el- -7.41292519073 0.258780260494 3.6234
12el12el12el -7.323127624 0.63647426845 3.8211
12el12el12el-12el -7.45347015268 0.289257010416 3.6899
12el12el12el-12el- -7.13319216466 0.442729215378 3.5794
12el12el12el12el -7.01291784801 0.380143032503 3.4621
12el12el12el12el- -7.00665922972 0.381775715535 3.4283
12fa -9.01241033393 3.19352800963 6.6279
12fa12fa -7.85538229227 1.76220921868 4.9408
12fa12fa- -8.04803888999 1.55104887993 4.8735
12fa12fa-12fa -7.42870779337 1.05444112452 4.1693
12fa12fa-12fa-12fa -7.22815989433 0.672121181305 3.7806
12fa12fa-12fa-12fa- -7.3887070591 0.52300279776 3.8086
12fa12fa-12fa12fa -7.07550403088 0.767361024809 3.7889
12fa12fa-12fa12fa- -7.28122209286 0.546404587879 3.7478
12fa12fa12fa -7.28258266205 1.1657356845 4.2037
12fa12fa12fa-12fa -7.12611720486 0.708040207998 3.7478
12fa12fa12fa-12fa- -7.28884128034 0.54994206778 3.7640
12fa12fa12fa12fa -6.94706629907 0.857430705381 3.7910
12fa12fa12fa12fa- -7.13809021376 0.648991505025 3.7285
12fe -9.23554368157 2.03350671575 4.2819
12fe12fe -8.08423003052 0.986684778709 4.5504
12fe12fe- -8.23987914619 0.781238830577 4.2058
12fe12fe-12fe -7.62952780624 0.413613034649 3.8458
12fe12fe-12fe-12fe -7.41619055679 0.0797293547054 3.4429
12fe12fe-12fe-12fe- -7.5459888578 -0.0424497588192 3.4598
12fe12fe-12fe12fe -7.30380754146 0.171431718308 3.5181
12fe12fe-12fe12fe- -7.48258633341 -0.0263950423427 3.4431
12fe12fe12fe -7.56231568811 0.465858891657 3.9180
12fe12fe12fe-12fe -7.38516957919 0.0731986225793 3.4827
12fe12fe12fe-12fe- -7.52068227081 -0.065579435099 3.4827
12fe12fe12fe12fe -7.26680005941 0.185853751753 3.5574
12fe12fe12fe12fe- -7.42870779337 -0.00435382141736 3.4884
12ff -9.05431586507 3.26182858312 6.3168
12ff12ff -7.90436278321 1.70697010944 4.9114
12ff12ff- -8.11035295902 1.46750993149 4.9097
12ff12ff-12ff -7.41863958134 1.03702583885 4.1468
12ff12ff-12ff-12ff -7.12121915577 0.645726138962 3.7039
12ff12ff-12ff-12ff- -7.29836526469 0.431028320319 3.6954
12ff12ff-12ff12ff -7.07441557553 0.738789071758 3.7533
12ff12ff-12ff12ff- -7.30571233833 0.48272994965 3.7212
12ff12ff12ff -7.37401291181 1.04137966026 4.1566
12ff12ff12ff-12ff -7.19360143683 0.598650444887 3.7331
12ff12ff12ff-12ff- -7.36802640736 0.372523845023 3.7102
12ff12ff12ff12ff -7.07604825856 0.685182645557 3.7391
12ff12ff12ff12ff- -7.29836526469 0.431028320319 3.6954
12fi -8.91036764446 3.32904070125 6.6845
12fi12fi -7.87687928552 2.01418663321 5.1119
12fi12fi- -7.87089278107 1.71077970318 4.8731
12fi12fi-12fi -7.24040501707 1.23458048566 4.1611
12fi12fi-12fi-12fi -7.19305720915 0.976072339004 3.9548
12fi12fi-12fi-12fi- -7.56939064792 0.909132334712 4.1592
12fi12fi-12fi12fi -6.94216824998 0.990494372449 3.8419
12fi12fi-12fi12fi- -7.07523191705 0.730081428923 3.7179
12fi12fi12fi -7.34435250341 1.46179554088 4.4282
12fi12fi12fi-12fi -6.99305353779 0.928452417252 3.8012
12fi12fi12fi-12fi- -7.29700469549 0.813620377369 3.9266
12fi12fi12fi12fi -7.09591256878 1.22315170444 4.1048
12fi12fi12fi12fi- -7.0798578523 0.899064122685 3.8322
12fl -8.8915917896 3.23869890684 6.6513
12fl12fl -7.58027520146 1.9034363009 4.8344
12fl12fl- -7.7568770827 1.73146035492 4.8218
12fl12fl-12fl -7.14244403518 1.26995528468 4.1152
12fl12fl-12fl-12fl -7.09455199959 0.727632404376 3.7136
12fl12fl-12fl-12fl- -7.23060891888 0.556472799906 3.7015
12fl12fl-12fl12fl -6.77753937763 0.977160794358 3.6982
12fl12fl-12fl12fl- -6.96883540616 0.797837774731 3.6935
12fl12fl12fl -6.96665849545 1.37417488485 4.0969
12fl12fl12fl-12fl -6.78951238653 0.95756859798 3.6883
12fl12fl12fl-12fl- -6.94679418523 0.880560381661 3.7522
12fl12fl12fl12fl -6.60175383791 1.11403405517 3.6797
12fl12fl12fl12fl- -6.76094043348 0.925731278866 3.6252
12ia -9.13050773988 3.38781729038 6.8959
12ia12ia -8.00776604188 1.85772117602 5.1029
12ia12ia- -7.9726633567 1.86017020057 5.0804
12ia12ia-12ia -7.48095365038 1.23975064859 4.3313
12ia12ia-12ia-12ia -7.1835332248 0.880832495499 3.9025
12ia12ia-12ia-12ia- -7.14489305972 0.905050627133 3.9180
12ia12ia-12ia12ia -7.17700249268 0.898247781169 3.9300
12ia12ia-12ia12ia- -7.19877159976 0.878655584791 3.9125
12ia12ia12ia -7.42544242731 1.22968243657 4.3260
12ia12ia12ia-12ia -7.17183232974 0.908315993196 3.9309
12ia12ia12ia-12ia- -7.14053923831 0.92110534361 3.9349
12ia12ia12ia12ia -7.10135484555 0.917839977547 3.9098
12ia12ia12ia12ia- -7.13101525396 0.895254528944 3.8921
12ie -9.1228885524 2.34861454083 4.3003
12ie12ie -8.35824866597 1.27322065074 4.2404
12ie12ie- -8.08803962426 1.10451007082 4.2109
12ie12ie-12ie -7.65864398697 0.58259572841 4.0001
12ie12ie-12ie-12ie -7.54544463012 0.432933117189 3.8331
12ie12ie-12ie-12ie- -7.66762374365 0.53851328656 3.9959
12ie12ie-12ie12ie -7.49700836685 0.370346934314 3.7695
12ie12ie-12ie12ie- -7.44149714378 0.319461646499 3.6946
12ie12ie12ie -8.0156573432 0.847090379515 4.2344
12ie12ie12ie-12ie -7.50898137575 0.372251731184 3.7909
12ie12ie12ie-12ie- -7.59932317016 0.458239704177 3.9226
12ie12ie12ie12ie -7.83551798205 0.638923292997 4.1877
12ie12ie12ie12ie- -7.65238536868 0.51538361028 3.9939
12if -8.97485862421 3.38591249351 6.4138
12if12if -8.23225995871 2.01445874704 5.2861
12if12if- -7.87089278107 1.71077970318 4.8731
12if12if-12if -7.32856990077 1.16165397692 4.1415
12if12if-12if-12if -7.0227139462 0.883825747724 3.7811
12if12if-12if-12if- -7.0798578523 0.899064122685 3.8322
12if12if-12if12if -7.18108420026 0.904234285618 3.8822
12if12if-12if12if- -7.07523191705 0.730081428923 3.7179
12if12if12if -7.93511164697 1.44900619046 4.7317
12if12if12if-12if -7.24611940768 0.81144346666 3.8802
12if12if12if-12if- -7.29700469549 0.813620377369 3.9266
12if12if12if12if -7.79116342636 1.17662023804 4.4591
12if12if12if12if- -7.56939064792 0.909132334712 4.1592
12ii -8.97676342108 3.49775128117 6.8978
12ii12ii -8.20232743646 2.27378323522 5.5053
12ii12ii- -7.79388456475 1.99377809531 5.0566
12ii12ii-12ii -7.36367258595 1.45172732885 4.3937
12ii12ii-12ii-12ii -7.28067786518 1.28083983822 4.2429
12ii12ii-12ii-12ii- -7.4374154362 1.44383602753 4.4528
12ii12ii-12ii12ii -7.24258192778 1.2503630883 4.1864
12ii12ii-12ii12ii- -7.1348248477 1.15457901712 4.0578
12ii12ii12ii -7.81157196426 1.77118897535 4.9406
12ii12ii12ii-12ii -7.24230981394 1.25009097446 4.1863
12ii12ii12ii-12ii- -7.34054290967 1.33335780907 4.3220
12ii12ii12ii12ii -7.66218146687 1.59104961421 4.7203
12ii12ii12ii12ii- -7.43714332236 1.44383602753 4.4526
12il -9.10111944531 3.3040062281 6.8455
12il12il -8.15797288078 1.90479687009 5.2002
12il12il- -7.86953221188 1.82914922297 4.9890
12il12il-12il -7.40095218183 1.13389836538 4.1879
12il12il-12il-12il -7.21781956846 0.910765017744 3.9269
12il12il-12il-12il- -7.23632330949 1.08165250838 4.0516
12il12il-12il12il -7.20693501492 0.902873716425 3.9249
12il12il-12il12il- -7.14734208427 0.905866968649 3.8895
12il12il12il-12il -7.17890728955 0.903962171779 3.9116
12il12il12il-12il- -7.18598224935 0.913214042291 3.9221
12il12il12il12il -7.45537494955 1.1608376354 4.2774
12il12il12il12il- -7.27224233618 1.04382868481 4.0785
12la -9.0382611486 3.30863216335 6.7544
12la12la -7.94926156658 1.79459076547 4.9484
12la12la- -7.75306748896 1.84683662248 4.9183
12la12la-12la -7.32884201461 1.10614275385 4.1098
12la12la-12la-12la -6.95332491736 0.776612895321 3.6726
12la12la-12la-12la- -6.77645092228 0.918656319063 3.6977
12la12la-12la12la -7.1038038701 0.810355011306 3.7954
12la12la-12la12la- -6.98516223647 0.878655584791 3.7547
12la12la12la -7.45619129107 1.24519292536 4.2952
12la12la12la-12la -7.06706850189 0.851444200932 3.7938
12la12la12la-12la- -6.8964531251 0.980426160421 3.8032
12la12la12la12la -7.18081208642 0.964643557784 3.9285
12la12la12la12la- -7.06026565592 1.02233169156 3.8661
12le -9.15009993626 2.31242340029 4.2732
12le12le -8.13538743217 1.06015551513 4.1542
12le12le- -7.87660717168 1.19784511745 4.1862
12le12le-12le -7.50489966817 0.521914342406 3.8102
12le12le-12le-12le- -7.44993267278 0.401640025751 3.7624
12le12le-12le12le -7.68313423244 0.388306447661 3.8474
12le12le-12le12le- -7.41265307689 0.258780260494 3.6233
12le12le12le -7.70354277034 0.611711909139 4.0709
12le12le12le-12le -7.30217485843 0.292794490317 3.5666
12le12le12le-12le- -7.13319216466 0.442729215378 3.5794
12le12le12le12le -7.4839469026 0.363816202188 3.7520
12le12le12le12le- -7.5078929204 0.543683449493 3.8576
12lf -9.02601602586 3.36196647572 6.3683
12lf12lf -8.64777779023 2.14425704805 5.6473
12lf12lf- -7.75714919654 1.73146035492 4.8219
12lf12lf-12lf -7.28612014195 1.09770722485 4.0755
12lf12lf-12lf-12lf -6.88774548226 0.78640899351 3.6012
12lf12lf-12lf-12lf- -6.76094043348 0.925731278866 3.6252
12lf12lf-12lf12lf -7.04965321622 0.814436718885 3.7501
12lf12lf-12lf12lf- -6.96883540616 0.797565660892 3.6934
12lf12lf12lf -7.37265234262 1.12192535649 4.1635
12lf12lf12lf-12lf -7.15224013337 0.683822076364 3.7258
12lf12lf12lf-12lf- -7.34625730028 0.451436858212 3.7062
12lf12lf12lf12lf -7.08693281211 0.770082163195 3.7553
12lf12lf12lf12lf- -7.14598151508 0.914302497645 3.9020
12li -8.92070797033 3.45394095316 6.8079
12li12li -8.03878701948 2.12139948561 5.2343
12li12li- -7.86953221188 1.82914922297 4.9888
12li12li-12li -7.36258413059 1.17253853046 4.1904
12li12li-12li-12li -7.16285257307 0.937976401602 3.9134
12li12li-12li-12li- -7.26135778264 1.0500873031 4.0757
12li12li-12li12li -7.10870191919 0.846818265676 3.8267
12li12li-12li12li- -7.14734208427 0.905866968649 3.8895
12li12li12li -7.36258413059 1.17253853046 4.1903
12li12li12li-12li -7.10815769152 0.846274037999 3.8258
12li12li12li-12li- -7.18598224935 0.913214042291 3.9221
12li12li12li12li -7.10897403303 0.847362493353 3.8272
12li12li12li12li- -7.15931509317 0.940425426149 3.9140
12ll -8.83363154198 3.35543574359 6.6913
12ll12ll -7.6580997593 1.9809887449 4.9511
12ll12ll- -7.41374153225 2.07541224689 4.8272
12ll12ll-12ll -7.80368066294 1.45199944269 4.6656
12ll12ll-12ll-12ll -7.36993120423 0.99022225861 4.0769
12ll12ll-12ll-12ll- -7.4042175479 1.3336299229 4.3196
12ll12ll-12ll12ll -7.68313423244 1.22451227363 4.4321
12ll12ll-12ll12ll- -7.35959087837 1.15838861086 4.2027
12ll12ll12ll -7.12448452183 1.47621757432 4.2814
12ll12ll12ll-12ll -6.75359335984 1.14940885418 3.7894
12ll12ll12ll-12ll- -6.5769914786 1.3349904921 3.8085
12ll12ll12ll12ll -6.82978523464 1.23104300576 3.9090
12ll12ll12ll12ll- -7.41673478447 1.3194800033 4.3231
2 -10.7201967849 3.40740948676 8.3059
22 -9.34438921701 1.95296101952 6.4216
22- -9.35200840449 1.73554206249 5.8440
22-2 -8.61594047111 0.893893959751 4.7352
22-2- -8.60859339747 1.00763754428 5.0077
22-2-2 -8.13674800137 0.463137753272 4.3246
22-2-2- -8.13457109066 0.524363366953 4.4724
22-22 -8.1503536933 0.439735963153 4.2255
22-22- -8.15307483168 0.375789211086 4.0919
222 -8.5996136408 1.12138112881 5.3516
222- -8.60832128363 1.00682120276 5.0071
222-2 -8.15062580713 0.440008076992 4.2258
222-2- -8.14844889643 0.512934585733 4.3922
2222 -8.13266629379 0.592936054277 4.6767
2222- -8.1348432045 0.524091253115 4.4724
4aa -9.84943250142 2.44167747362 5.8607
4aa4aa -8.8140393456 1.122741698 5.3791
4aa4aa- -8.8140393456 1.12138112881 5.3780
4aa4aa-4aa -8.38001777306 0.556200686068 4.7367
4aa4aa-4aa-4aa -8.16014979148 0.254426439077 4.4107
4aa4aa-4aa-4aa- -8.44205972826 0.682189393332 4.9309
4aa4aa-4aa4aa -8.16014979148 0.254426439077 4.4107
4aa4aa-4aa4aa- -8.44641354968 0.668039473726 4.9179
4aa4aa4aa -8.38001777306 0.556472799906 4.7370
4aa4aa4aa-4aa -8.16014979148 0.254426439077 4.4107
4aa4aa4aa-4aa- -8.16014979148 0.254698552915 4.4109
4aa4aa4aa4aa -8.16014979148 0.254698552915 4.4108
4aa4aa4aa4aa- -8.44614143584 0.667767359887 4.9173
4ae -9.3267018175 1.38342675537 4.3056
4ae4ae -9.07390806145 0.917567863708 4.2474
4ae4ae- -9.04751301911 0.934166807862 4.2518
4ae4ae-4ae -8.82084219157 0.602732152466 4.2486
4ae4ae-4ae-4ae -8.70220055795 0.408170757877 4.2484
4ae4ae-4ae-4ae- -8.71009185926 0.417966856066 4.2475
4ae4ae-4ae4ae -8.70138421643 0.414973603842 4.2483
4ae4ae-4ae4ae- -8.69512559814 0.414429376165 4.2483
4ae4ae4ae -8.84288341249 0.595385078824 4.2452
4ae4ae4ae-4ae -8.70383324098 0.415517831519 4.2452
4ae4ae4ae-4ae- -8.71090820078 0.413885148488 4.2454
4ae4ae4ae4ae -8.71281299765 0.415517831519 4.2446
4ae4ae4ae4ae- -8.7117245423 0.415517831519 4.2448
4af -9.19445449195 2.31079071726 5.6452
4af4af -8.75907235021 1.41390350529 5.3163
4af4af- -8.74410608909 1.47104741139 5.3163
4af4af-4af -8.5460072146 1.00219526751 4.9964
4af4af-4af-4af -8.45185582645 0.736067933372 4.8442
4af4af-4af-4af- -8.40668492924 0.777157122999 4.8438
4af4af-4af4af -8.46573363222 0.693346060714 4.8277
4af4af-4af4af- -8.42137907653 0.750489966817 4.8321
4af4af4af -8.43852224836 0.972262745264 4.9965
4af4af4af-4af -8.30817971967 0.80953866979 4.8061
4af4af4af-4af- -8.26083191176 0.852804770125 4.8046
4af4af4af4af -7.99225555308 0.270753269392 4.3310
4af4af4af4af- -7.95824132325 0.3229991264 4.3315
4ai -9.51554882148 2.46453503606 5.7720
4ai4ai -9.03907749011 1.66941839972 5.5747
4ai4ai- -9.03173041647 1.65962230153 5.5731
4ai4ai-4ai -8.75145316273 1.28900325338 5.4413
4ai4ai-4ai-4ai -8.6102260805 1.09362551727 5.3404
4ai4ai-4ai-4ai- -8.60015786848 1.08573421595 5.3273
4ai4ai-4ai4ai -8.6066886006 1.08655055747 5.3203
4ai4ai-4ai4ai- -8.60396746222 1.08138039454 5.3163
4ai4ai4ai -8.74410608909 1.28519365964 5.4471
4ai4ai4ai-4ai -8.60369534838 1.08301307757 5.3293
4ai4ai4ai-4ai- -8.61131453586 1.09716299717 5.3434
4ai4ai4ai4ai -8.61131453586 1.10178893243 5.3563
4ai4ai4ai4ai- -8.60913762515 1.09716299717 5.3537
4al -9.05866968649 2.38915950278 5.6475
4ea -9.3267018175 1.38315464153 4.3056
4ea4ea -9.07418017529 0.917567863708 4.2478
4ea4ea- -9.04778513295 0.934438921701 4.2518
4ea4ea-4ea -8.82084219157 0.602732152466 4.2485
4ea4ea-4ea-4ea -8.70029576108 0.410075554747 4.2486
4ea4ea-4ea-4ea- -8.71417356684 0.414429376165 4.2447
4ea4ea-4ea4ea -8.70138421643 0.408170757877 4.2448
4ea4ea-4ea4ea- -8.69512559814 0.414157262326 4.2483
4ea4ea4ea -8.84261129866 0.595112964985 4.2449
4ea4ea4ea-4ea -8.70192844411 0.425858157385 4.2484
4ea4ea4ea-4ea- -8.70410535482 0.413068806972 4.2447
4ea4ea4ea4ea -8.71254088381 0.415245717681 4.2446
4ea4ea4ea4ea- -8.70628226552 0.422048563645 4.2485
4ee -9.07554074448 0.618786868942 4.2722
4ee4ee -8.96669520905 0.320822215692 4.2059
4ee4ee4ee -8.87036691019 0.145036675966 4.2021
4ee4ee4ee4ee -8.80451536125 0.0416334173035 4.2022
4ef -8.87553707312 1.62479173019 4.3282
4ef4ef -8.68097567854 1.11294559981 4.2831
4ef4ef- -8.70274478562 1.32682707694 4.2851
4ef4ef-4ef -8.63526055365 0.791851270282 4.2866
4ef4ef-4ef-4ef -8.52505444903 0.484090518843 4.2665
4ef4ef-4ef-4ef- -8.48069989334 0.589126460536 4.2646
4ef4ef-4ef4ef- -8.56641575249 0.7461361454 4.2823
4ef4ef4ef -8.53621111641 0.784776310479 4.2791
4ef4ef4ef-4ef -8.50192477275 0.792939725636 4.2824
4ef4ef4ef-4ef- -8.44314818361 0.81144346666 4.2620
4ef4ef4ef4ef -8.43933858987 0.601371583273 4.2781
4ef4ef4ef4ef- -8.43634533765 0.723278582959 4.2791
4ei -9.09377237167 1.43648895389 4.3105
4ei4ei -8.99934886968 1.17362698582 4.2781
4ei4ei- -9.0001652112 1.1812461733 4.2780
4ei4ei-4ei -8.95417797248 1.06478145038 4.2770
4ei4ei-4ei-4ei -8.91526569356 0.956480142626 4.2776
4ei4ei-4ei-4ei- -8.91526569356 0.930357214122 4.2787
4ei4ei-4ei4ei -8.91444935204 0.933350466346 4.2789
4ei4ei-4ei4ei- -8.92342910872 0.97879347739 4.2765
4ei4ei4ei -8.94764724035 1.0261412853 4.2783
4ei4ei4ei-4ei -8.92397333639 0.984235754162 4.2767
4ei4ei4ei-4ei- -8.91390512436 0.950221524339 4.2773
4ei4ei4ei4ei -8.91499357972 0.930085100283 4.2787
4ei4ei4ei4ei- -8.94383764661 0.977705022036 4.2666
4el -8.76560308234 1.66234343992 4.3291
4fa -9.19418237811 2.3110628311 5.6452
4fa4fa -8.60886551131 1.10831966456 5.1282
4fa4fa- -8.96234138763 1.30968390511 5.3091
4fa4fa-4fa -8.5460072146 1.00219526751 4.9963
4fa4fa-4fa-4fa -8.45185582645 0.736612161049 4.8442
4fa4fa-4fa-4fa- -8.68913909369 0.530621985241 4.8604
4fa4fa-4fa4fa -8.30845183351 0.809266555952 4.8060
4fa4fa-4fa4fa- -8.56804843552 0.637562723804 4.8498
4fa4fa4fa -8.43852224836 0.972262745264 4.9966
4fa4fa4fa-4fa -8.46573363222 0.693618174553 4.8278
4fa4fa4fa-4fa- -8.71798316058 0.518104748666 4.8893
4fa4fa4fa4fa -8.25947134257 0.742870779337 4.7917
4fa4fa4fa4fa- -8.49267290224 0.570350605674 4.8312
4fe -8.87390439009 1.62370327484 4.3267
4fe4fe -8.68043145086 1.11240137214 4.2830
4fe4fe- -8.76124926092 0.954303231917 4.2824
4fe4fe-4fe -8.64015860275 0.816341515755 4.2867
4fe4fe-4fe-4fe -8.52968038428 0.478376128232 4.2685
4fe4fe-4fe-4fe- -8.60423957605 0.357829697739 4.2679
4fe4fe-4fe4fe -8.51226509861 0.72681606286 4.2827
4fe4fe-4fe4fe- -8.68614584147 0.58069093154 4.2830
4fe4fe4fe -8.53621111641 0.785048424317 4.2791
4fe4fe4fe-4fe -8.60940973899 0.5423228803 4.2831
4fe4fe4fe-4fe- -8.66437673438 0.301230019313 4.2701
4fe4fe4fe4fe -8.43933858987 0.601371583273 4.2781
4fe4fe4fe4fe- -8.62655291082 0.44028019083 4.2798
4ff -8.70900340391 2.14208013734 5.3042
4ff4ff -8.40858972611 1.3956718781 4.9610
4ff4ff- -8.53621111641 1.23403625798 4.9816
4ff4ff-4ff -8.34736411243 0.895798756622 4.6972
4ff4ff-4ff-4ff -8.39688883105 0.664774107663 4.5848
4ff4ff-4ff-4ff- -8.57947721674 0.54041808343 4.5823
4ff4ff-4ff4ff -8.2181100391 0.685998987073 4.5701
4ff4ff-4ff4ff- -8.36804476416 0.530077757563 4.5814
4ff4ff4ff -8.17919776019 0.994303966189 4.6793
4ff4ff4ff-4ff -8.22273597436 0.691441263844 4.5795
4ff4ff4ff-4ff- -8.40124265247 0.577969793154 4.5861
4ff4ff4ff4ff -8.02790246593 0.770082163195 4.5005
4ff4ff4ff4ff- -8.20504857485 0.644909797446 4.5400
4fi -8.93404154842 2.32983868596 5.5279
4fi4fi -8.7294119418 1.77309377222 5.3520
4fi4fi- -8.8499583723 1.53227302507 5.2917
4fi4fi-4fi -8.66383250671 1.4661493623 5.2313
4fi4fi-4fi-4fi -8.57621185068 1.18641633623 5.0996
4fi4fi-4fi-4fi- -8.71825527442 0.965459899299 5.0758
4fi4fi-4fi4fi -8.52587079054 1.35948073757 5.1791
4fi4fi-4fi4fi- -8.73594267393 1.16355877379 5.1916
4fi4fi4fi -8.53212940883 1.38995748749 5.1714
4fi4fi4fi-4fi -8.65621331922 1.22151902141 5.1790
4fi4fi4fi-4fi- -8.7879164171 0.988861689418 5.1413
4fi4fi4fi4fi -8.45076737109 1.25961495881 5.1099
4fi4fi4fi4fi- -8.63389998446 1.10804755072 5.1963
4fl -8.61430778808 2.22834022417 5.3292
4ia -9.51554882148 2.46426292222 5.7720
4ia4ia -9.03934960395 1.66969051356 5.5750
4ia4ia- -9.03200253031 1.65989441537 5.5732
4ia4ia-4ia -8.75118104889 1.28873113954 5.4412
4ia4ia-4ia-4ia -8.60995396667 1.09335340343 5.3401
4ia4ia-4ia-4ia- -8.60696071444 1.09362551727 5.3506
4ia4ia-4ia4ia -8.60206266535 1.08083616686 5.3276
4ia4ia-4ia4ia- -8.60423957605 1.08165250838 5.3166
4ia4ia4ia -8.74383397525 1.2849215458 5.4470
4ia4ia4ia-4ia -8.6066886006 1.08627844363 5.3200
4ia4ia4ia-4ia- -8.6102260805 1.0952582003 5.3421
4ia4ia4ia4ia -8.61131453586 1.10151681859 5.3562
4ia4ia4ia4ia- -8.60015786848 1.08573421595 5.3274
4ie -9.09377237167 1.43648895389 4.3105
4ie4ie -8.99934886968 1.17362698582 4.2780
4ie4ie- -9.00043732503 1.18206251481 4.2782
4ie4ie-4ie -8.95553854167 0.999746242961 4.2623
4ie4ie-4ie-4ie -8.91472146588 0.940425426149 4.2792
4ie4ie-4ie-4ie- -8.91499357972 0.956208028787 4.2776
4ie4ie-4ie4ie -8.91444935204 0.95566380111 4.2774
4ie4ie-4ie4ie- -8.92342910872 0.982330957292 4.2765
4ie4ie4ie -8.94819146803 1.02668551298 4.2783
4ie4ie4ie-4ie -8.92424545023 0.985052095677 4.2766
4ie4ie4ie-4ie- -8.91444935204 0.931989897153 4.2789
4ie4ie4ie4ie -8.91499357972 0.930357214122 4.2788
4ie4ie4ie4ie- -8.91472146588 0.926275506543 4.2785
4if -8.93376943458 2.3301107998 5.5278
4if4if -8.72886771413 1.77173320303 5.3518
4if4if- -8.72124852665 1.81744832791 5.3908
4if4if-4if -8.66383250671 1.46642147613 5.2314
4if4if-4if-4if -8.57648396452 1.18641633623 5.0996
4if4if-4if-4if- -8.50981607407 1.16764048137 5.0631
4if4if-4if4if -8.65621331922 1.22151902141 5.1790
4if4if-4if4if- -8.62791348001 1.29036382257 5.1930
4if4if4if -8.53185729499 1.38968537365 5.1716
4if4if4if-4if -8.52478233519 1.35703171302 5.1778
4if4if4if-4if- -8.44804623271 1.38669212143 5.1325
4if4if4if4if -8.45076737109 1.25988707265 5.1099
4if4if4if4if- -8.44995102958 1.33335780907 5.1360
4ii -9.21785628206 2.48412723244 5.6786
4ii4ii -9.18547473527 2.29337543159 5.6235
4ii4ii4ii -9.16234505899 2.15269257705 5.5733
4ii4ii4ii4ii -9.15907969293 2.10534476913 5.5712
4il -8.81948162238 2.42099682189 5.5416
4la -9.05894180033 2.38915950278 5.6476
4la4la- -8.63444421214 1.60601587533 5.3434
4la4la-4la-4la- -8.10926450367 0.98069827426 4.8349
4le -8.76451462698 1.66179921224 4.3284
4le4le- -8.57947721674 1.40193049639 4.2901
4le4le-4le-4le- -8.30192110139 0.880016153984 4.2819
4lf -8.61376356041 2.22861233801 5.3286
4lf4lf- -8.32505077767 1.80520320517 5.1208
4lf4lf-4lf-4lf- -7.9487173389 0.991854941642 4.6459
4li -8.81920950854 2.42099682189 5.5415
4li4li- -8.61485201576 1.97037630519 5.4131
4li4li-4li-4li- -8.37403126861 1.57499489773 5.2115
4ll -8.49267290224 2.2835793334 5.3177
12dd -10.8652334609 1.05416901068 4.7308
12dd12dd -10.2347456969 -1.13417047922 4.4477
12dd12dd- -10.2684878128 -1.18070194562 4.5835
12dd12dd-12dd -9.98630576223 -1.82125792165 3.9363
12dd12dd-12dd-12dd -10.0173267398 -1.99922037208 3.8470
12dd12dd-12dd-12dd- -9.93351567754 -2.21364607689 3.6750
12dd12dd-12dd12dd- -9.85650746122 -2.20112884031 3.6103
12dd12dd-4dd12dd -10.1487577239 -2.20983648315 3.9997
12dd12dd12dd -10.0431775545 -1.82098580781 4.0261
12dd12dd12dd-12dd -9.90576006601 -2.21038071083 3.6589
12dd12dd12dd-12dd- -9.95909437837 -2.22888445185 3.7050
12dd12dd12dd12dd -10.0004556818 -2.2609938848 3.7183
12dd12dd12dd12dd- -9.9332435637 -2.21364607689 3.6749
12dh -9.26928579756 1.73962377007 4.7908
12dh12dh -8.42927037784 0.476471331362 4.2483
12dh12dh- -8.39171866812 0.458783931854 4.3159
12dh12dh-12dh -7.87987253774 -0.105035941694 3.4705
12dh12dh-12dh-12dh -7.69456301367 -0.433477344866 3.1146
12dh12dh-12dh-12dh- -7.78599326343 -0.493342389354 3.2381
12dh12dh-12dh12dh- -7.61973170805 -0.413885148488 3.0846
12dh12dh-4dh12dh -7.98762961782 -0.48272994965 3.4820
12dh12dh12dh -8.03497742574 -0.104491714017 3.6925
12dh12dh12dh-12dh -7.63333739998 -0.401640025751 3.1870
12dh12dh12dh-12dh- -7.76204724563 -0.469668485398 3.3005
12dh12dh12dh12dh -7.82408920083 -0.441368646185 3.3620
12dh12dh12dh12dh- -7.68667171235 -0.366265226735 3.2774
12hd -9.26928579756 1.73962377007 4.7908
12hd12hd -8.42899826401 0.476471331362 4.2483
12hd12hd- -8.39144655428 0.458783931854 4.3157
12hd12hd-12hd -7.87987253774 -0.105035941694 3.4704
12hd12hd-12hd-12hd -7.6948351275 -0.433477344866 3.1149
12hd12hd-12hd-12hd- -7.68667171235 -0.366265226735 3.2774
12hd12hd-12hd12hd- -7.61973170805 -0.413885148488 3.0846
12hd12hd-4hd12hd -8.1383806844 -0.622052235005 3.4529
12hd12hd12hd -8.03497742574 -0.104491714017 3.6925
12hd12hd12hd-12hd -7.73510797561 -0.475654989846 3.1813
12hd12hd12hd-12hd- -7.76204724563 -0.469668485398 3.3005
12hd12hd12hd12hd -7.82408920083 -0.441368646185 3.3620
12hd12hd12hd12hd- -7.78599326343 -0.493342389354 3.2381
12hh -8.47661818576 3.58618827871 6.4525
12hh12hh -7.38108787162 2.19759136041 4.8362
12hh12hh- -7.49972950524 1.89527288574 4.7724
12hh12hh-12hh -6.77889994683 1.47866659887 3.9828
12hh12hh-12hh-12hh -6.67005441139 1.07675445928 3.6496
12hh12hh-12hh-12hh- -6.49454098551 1.24056699011 3.6351
12hh12hh-12hh12hh- -6.62978156328 1.00464429206 3.5743
12hh12hh-4hh12hh -6.85128222789 0.983963640323 3.7406
12hh12hh12hh -6.84039767435 1.65826173234 4.1761
12hh12hh12hh-12hh -6.52719464614 1.20791332948 3.6587
12hh12hh12hh-12hh- -6.39766845897 1.39512765042 3.6937
12hh12hh12hh12hh -6.5184870033 1.3646509005 3.7769
12hh12hh12hh12hh- -6.49508521318 1.24002276243 3.6352
13aa -8.63553266749 4.1143612394 7.2505
13aa13aa -7.47904885351 2.56195179028 5.3087
13aa13aa- -7.52639666142 2.58807471878 5.3418
13aa13aa-13aa -7.05346280996 2.02153370685 4.6636
13aa13aa-13aa-13aa -6.7772672638 1.64900986182 4.2488
13aa13aa-13aa-13aa- -7.1144163098 1.88248353533 4.6361
13aa13aa-13aa13aa- -6.8153632012 1.72248059824 4.3169
13aa13aa-4aa13aa -7.10162695939 0.949133068984 4.1140
13aa13aa13aa -6.99795158689 1.90398052858 4.5777
13aa13aa13aa-13aa -6.80257385078 1.67159531043 4.2846
13aa13aa13aa-13aa- -6.79114506956 1.62071002261 4.2525
13aa13aa13aa13aa -7.25645973354 2.02207793452 4.8438
13aa13aa13aa13aa- -6.77100864551 1.58615156511 4.2134
13ad13ad -8.70900340391 0.937432173925 4.7712
13ad13ad- -8.76260983011 0.868043145086 4.7634
13ad13ad-13ad -8.42056273501 0.386129536952 4.4287
13ad13ad-13ad-13ad -8.23307630023 0.0296604084058 4.0936
13ad13ad-13ad-13ad- -8.23035516184 -0.0612256136816 4.0515
13ad13ad-13ad13ad- -8.25457329347 0.0987773234063 4.1535
13ad13ad-4ad13ad -8.49675460981 -0.602187924788 3.9647
13ad13ad13ad -8.41702525511 0.243813999372 4.3783
13ad13ad13ad-13ad -8.32505077767 -0.0356469128546 4.1257
13ad13ad13ad-13ad- -8.32205752544 -0.0911581359259 4.0900
13ad13ad13ad13ad -8.72097641281 0.231840990474 4.6016
13ad13ad13ad13ad- -8.48641428395 -0.10775708008 4.1856
13ae13ae -7.74245504926 1.74016799775 4.2533
13ae13ae- -7.79225188172 1.67186742427 4.2617
13ae13ae-13ae -7.37836673323 1.28546577348 4.2491
13ae13ae-13ae-13ae -7.20965615331 1.00736543044 4.0867
13ae13ae-13ae-13ae- -7.28339900356 1.03729795269 4.1707
13ae13ae-13ae13ae- -7.1658458253 1.05988340129 4.0933
13ae13ae-4ae13ae -7.48149787805 0.36925847896 3.9863
13ae13ae13ae -7.51170251414 1.19974991432 4.2540
13ae13ae13ae-13ae -7.18625436319 0.96137819172 4.0598
13ae13ae13ae-13ae- -7.28775282498 0.948588841307 4.1119
13ae13ae13ae13ae -7.4564634049 1.16546357066 4.2674
13ae13ae13ae13ae- -7.29319510175 0.872124852665 4.0655
13af13af -7.72041382833 2.55188357825 5.3902
13af13af- -7.24829631839 2.62535431467 5.1970
13af13af-13af -6.71059937334 2.13772631592 4.5414
13af13af-13af-13af -6.67631302968 1.4647887931 4.0625
13af13af-13af-13af- -6.52011968633 1.61962156726 4.0466
13af13af-13af13af- -6.40882512635 1.79921670072 4.1523
13af13af-4af13af -7.03659175197 0.929268758767 4.0147
13af13af13af -7.47306234906 1.99405020915 4.8932
13af13af13af-13af -6.71440896708 1.60846489988 4.2106
13af13af13af-13af- -7.04938110238 1.35267789161 4.1997
13af13af13af13af -7.38408112384 1.69091539297 4.6462
13af13af13af13af- -7.11414419596 1.54914408306 4.3881
13ah13ah -7.17673037884 2.76603716922 5.1863
13ah13ah- -7.12257972496 2.75624107103 5.1901
13ah13ah-13ah -6.65780928866 2.30670900968 4.6287
13ah13ah-13ah-13ah -6.43005000576 1.98670313551 4.2479
13ah13ah-13ah-13ah- -6.44283935617 1.98697524935 4.2510
13ah13ah-13ah13ah- -6.3957636621 2.07241899466 4.3300
13ah13ah-4ah13ah -6.74379726165 1.39703244729 4.0962
13ah13ah13ah -6.82515929939 2.2658919339 4.6592
13ah13ah13ah-13ah -6.52991578452 1.93717841689 4.2983
13ah13ah13ah-13ah- -6.50760244976 1.88738158442 4.2339
13ah13ah13ah13ah -6.6447478244 1.98615890783 4.3668
13ah13ah13ah13ah- -6.61345473297 1.94534183204 4.3225
13ai13ai -7.6221807326 2.83134449048 5.5948
13ai13ai- -7.52884568597 2.79324855307 5.4914
13ai13ai-13ai -7.05482337915 2.24303437146 4.8201
13ai13ai-13ai-13ai -6.87631670104 1.93881109992 4.5129
13ai13ai-13ai-13ai- -6.97754304899 1.9809887449 4.6134
13ai13ai-13ai13ai- -6.80774401372 1.94806297043 4.4730
13ai13ai-4ai13ai -7.16611793913 1.21281137857 4.3626
13ai13ai13ai -7.29482778478 2.35922698053 5.0905
13ai13ai13ai-13ai -6.88366377468 1.93663418921 4.5177
13ai13ai13ai-13ai- -6.94380093301 1.90479687009 4.5390
13ai13ai13ai13ai -7.14053923831 2.10670533832 4.8247
13ai13ai13ai13ai- -7.02407451539 2.02724809746 4.6837
13al13al -7.09019817817 2.58644203575 5.0848
13al13al- -7.21128883634 2.6805934239 5.2092
13al13al-13al -6.55930407909 2.1311955838 4.4299
13al13al-13al-13al -6.47304399226 1.75050832362 4.1152
13al13al-13al-13al- -6.57862416163 1.77880816283 4.2035
13al13al-13al13al- -6.2801152807 1.88411621836 4.0978
13al13al13al -6.55114066393 1.94969565346 4.3271
13al13al13al-13al -6.41345106161 1.77445434141 4.1057
13al13al13al-13al- -6.53998399655 1.71731043531 4.1272
13al13al13al13al -6.45617293427 1.58560733743 3.9922
13al13al13al13al- -6.29671422485 1.66778571669 3.9662
13da13da -8.70900340391 0.937432173925 4.7712
13da13da- -8.76260983011 0.868043145086 4.7634
13da13da-13da -8.42056273501 0.386129536952 4.4287
13da13da-13da-13da -8.23307630023 0.0296604084058 4.0936
13da13da-13da-13da- -8.54192550702 0.0307488637601 4.3273
13da13da-13da13da- -8.25457329347 0.0987773234063 4.1535
13da13da-4da13da -8.43661745149 -0.743959234691 3.8742
13da13da13da -8.41702525511 0.243813999372 4.3784
13da13da13da-13da -8.24368873993 0.0495247186225 4.1166
13da13da13da-13da- -8.32205752544 -0.0911581359259 4.0900
13da13da13da13da -8.72070429897 0.231568876636 4.6012
13da13da13da13da- -8.23035516184 -0.0612256136816 4.0515
13dd -10.2799165941 1.40138626871 4.7506
13dd13dd -10.2034526054 0.23646692573 4.6856
13dd13dd- -9.73977062447 -0.556200686068 4.6708
13dd13dd-13dd -9.48969800681 -0.946684044437 4.2435
13dd13dd-13dd-13dd -9.6186799663 -1.02532494379 4.3259
13dd13dd-13dd-13dd- -9.72534859102 -1.32873187381 4.2595
13dd13dd-13dd13dd- -9.47391540417 -1.04056331875 4.2101
13dd13dd-4dd13dd -9.5531005312 -2.11731777803 3.7271
13dd13dd13dd -9.53133142411 -0.845185582645 4.3436
13dd13dd13dd-13dd -9.60425793285 -1.18750479158 4.2086
13dd13dd13dd-13dd- -9.77895501723 -1.30723488056 4.2807
13dd13dd13dd13dd -9.47364329033 -1.04056331875 4.2097
13dd13dd13dd13dd- -9.72616493254 -1.32845975997 4.2604
13de13de -9.00288634958 0.807361759081 4.1816
13de13de- -8.791453897 0.2383717226 4.5952
13de13de-13de -8.46763842909 -0.108301307757 4.1166
13de13de-13de-13de -8.44178761442 -0.266399447975 4.0682
13de13de-13de-13de- -8.73376576322 -0.203541151262 4.1590
13de13de-13de13de- -8.30926817503 -0.34612880268 3.8641
13de13de-4de13de -8.49621038214 -1.25172365749 3.6012
13de13de13de -8.9881922023 0.472933851461 4.1788
13de13de13de-13de -8.41865793814 -0.330890427719 3.9766
13de13de13de-13de- -8.60777705596 -0.350482624097 4.1397
13de13de13de13de -9.03390732718 0.281365709097 4.1776
13de13de13de13de- -8.50138054507 -0.41143612394 4.0530
13df13df -8.72424177887 0.923282254319 4.7423
13df13df- -8.44042704523 0.963010874752 4.5709
13df13df-13df -8.18219101241 0.375244983409 4.1759
13df13df-13df-13df -7.84368139721 0.265855220297 3.9491
13df13df-13df-13df- -8.21538890072 0.192112370041 4.2202
13df13df-13df13df- -7.80422489062 0.222044892285 3.9246
13df13df-4df13df -8.1299451554 -0.306400182247 3.8736
13df13df13df -8.48287680405 0.104491714017 4.2009
13df13df13df-13df -8.05484173595 -0.0506131739768 3.8297
13df13df13df-13df- -8.22409654355 -0.0881648837015 4.0012
13df13df13df13df -8.50818339103 -0.0495247186225 4.1624
13df13df13df13df- -8.21865426678 -0.236739039569 3.8060
13dh13dh -8.08150889213 1.2383900794 4.6028
13dh13dh- -8.20804182708 1.13362625154 4.6329
13dh13dh-13dh -7.91824058898 0.725727607506 4.3804
13dh13dh-13dh-13dh -7.64694309191 0.427490840417 3.8680
13dh13dh-13dh-13dh- -7.71361098237 0.327080833979 3.9302
13dh13dh-13dh13dh- -7.7723875715 0.507492308961 4.1510
13dh13dh-4dh13dh -7.9190569305 -0.153200091123 3.7646
13dh13dh13dh -7.87007643955 0.717836306187 4.1917
13dh13dh13dh-13dh -7.70299854266 0.384224740082 3.9170
13dh13dh13dh-13dh- -7.74218293542 0.30776075144 3.9386
13dh13dh13dh13dh -7.80830659819 0.415517831519 3.9688
13dh13dh13dh13dh- -7.62408552947 0.306944409924 3.7286
13di13di -8.82410755763 1.33553471977 4.7861
13di13di- -8.52614290438 0.963555102429 4.7168
13di13di-13di -8.16586418209 0.533071009788 4.3311
13di13di-13di-13di -8.10926450367 0.300141563959 4.1902
13di13di-13di-13di- -8.44505298048 0.406810188684 4.4843
13di13di-13di13di- -7.98518059327 0.281637822935 4.0719
13di13di-4di13di -8.32777191605 -0.39619774898 4.0632
13di13di13di -8.72505812039 0.881104609338 4.7795
13di13di13di-13di -8.11987694337 0.249528389982 4.1465
13di13di13di-13di- -8.32015272857 0.244086113211 4.2907
13di13di13di13di -8.73376576322 0.633753130064 4.7650
13di13di13di13di- -8.21157930698 0.160819278604 4.1667
13dl13dl -8.69430925663 1.24165544546 4.7545
13dl13dl- -8.30954028887 1.1692731644 4.8238
13dl13dl-13dl -7.75497228583 0.714570940124 4.1529
13dl13dl-13dl-13dl -7.80313643526 0.391027586047 3.9855
13dl13dl-13dl-13dl- -7.53836967032 0.500961576835 3.8697
13dl13dl-13dl13dl- -7.53836967032 0.500961576835 3.8698
13dl13dl13dl -8.55144949137 0.816069401916 4.7383
13dl13dl13dl-13dl -7.70762447792 0.356469128546 3.9154
13dl13dl13dl13dl -8.55607542663 0.592936054277 4.6469
13dl13dl13dl13dl- -7.9332068501 0.265038878782 3.9853
13ea13ea -7.74245504926 1.74016799775 4.2534
13ea13ea- -7.79225188172 1.67186742427 4.2617
13ea13ea-13ea -7.37836673323 1.28519365964 4.2490
13ea13ea-13ea-13ea -7.15006322266 0.962194533236 4.0187
13ea13ea-13ea-13ea- -7.34299193421 1.01852209782 4.2125
13ea13ea-13ea13ea- -7.1658458253 1.05988340129 4.0933
13ea13ea-4ea13ea -7.42435397195 0.294427173349 3.9247
13ea13ea13ea -7.5114304003 1.19947780048 4.2540
13ea13ea13ea-13ea -7.15822663781 1.00763754428 4.0601
13ea13ea13ea-13ea- -7.28802493882 0.948588841307 4.1120
13ea13ea13ea13ea -7.45673551874 1.1657356845 4.2675
13ea13ea13ea13ea- -7.28339900356 1.03729795269 4.1709
13ed13ed -9.00315846342 0.807905986759 4.1812
13ed13ed- -8.791453897 0.2383717226 4.2252
13ed13ed-13ed -8.46763842909 -0.108301307757 4.1166
13ed13ed-13ed-13ed -8.44205972826 -0.266399447975 4.0687
13ed13ed-13ed-13ed- -8.50138054507 -0.410891896263 4.0533
13ed13ed-13ed13ed- -8.30926817503 -0.34612880268 3.8640
13ed13ed-4ed13ed -8.61702892647 -1.03212778975 3.8565
13ed13ed13ed -8.98846431614 0.473205965299 4.1786
13ed13ed13ed-13ed -8.48641428395 -0.369530592798 3.9921
13ed13ed13ed-13ed- -8.6080491698 -0.350210510259 4.1401
13ed13ed13ed13ed -9.0347236687 0.282182050613 4.1776
13ed13ed13ed13ed- -8.73403787706 -0.203269037423 4.1590
13ee -8.84043438795 2.46888885748 4.2541
13ee13ee -8.24260028458 1.54751140003 4.1858
13ee13ee- -7.97402392589 0.977977135874 4.5587
13ee13ee-13ee -7.60775869916 0.802191596148 4.1739
13ee13ee-13ee-13ee -7.52313129536 0.676202888884 4.0684
13ee13ee-13ee-13ee- -7.74517618764 0.714570940124 4.1573
13ee13ee-13ee13ee- -7.42571454114 0.677291344238 3.9982
13ee13ee-4ee13ee -7.69184187528 -0.213065135612 3.8236
13ee13ee13ee -8.0989241778 1.30369740066 4.1749
13ee13ee13ee-13ee -7.54707731315 0.641100203706 4.0529
13ee13ee13ee-13ee- -7.66544683294 0.589398574375 4.1382
13ee13ee13ee13ee -8.05076002837 1.17172218895 4.1711
13ee13ee13ee13ee- -7.74544830148 0.714570940124 4.1573
13ef13ef -7.85102847085 1.66696937517 4.2691
13ef13ef- -7.62326918796 1.71948734602 4.1450
13ef13ef-13ef -7.07659248624 1.4231553758 4.1310
13ef13ef-13ef-13ef -6.90516076793 1.16709625369 3.9897
13ef13ef-13ef-13ef- -7.17809094803 1.14559926044 4.1493
13ef13ef-13ef13ef- -6.83577173909 1.1036937293 3.9093
13ef13ef-4ef13ef -7.17836306187 0.622324348844 3.8823
13ef13ef13ef -7.2885691665 1.01362404873 4.0686
13ef13ef13ef-13ef -7.02380240155 0.961922419398 3.9288
13ef13ef13ef-13ef- -7.2025811935 0.860696071444 3.9895
13ef13ef13ef13ef -7.40530600325 0.91729574987 4.0991
13ef13ef13ef13ef- -7.2801336375 0.814164605046 3.9461
13eh13eh -7.38544169303 1.95296101952 4.2273
13eh13eh- -7.44911633126 1.87921816927 4.1817
13eh13eh-13eh -7.01019670962 1.54125278174 4.1989
13eh13eh-13eh-13eh -6.80012482624 1.32328959704 3.9887
13eh13eh-13eh-13eh- -6.79685946017 1.29145227792 3.9720
13eh13eh-13eh13eh- -6.75304913216 1.31485406804 3.9758
13eh13eh-4eh13eh -7.05427915148 0.75375533288 3.8478
13eh13eh13eh -7.06162622512 1.57662758076 4.1890
13eh13eh13eh-13eh -6.80121328159 1.27594178912 3.9551
13eh13eh13eh-13eh- -6.82815255161 1.24437658385 3.9723
13eh13eh13eh13eh -6.91767800451 1.37499122637 4.0384
13eh13eh13eh13eh- -6.87985418094 1.35812016838 4.0171
13ei13ei -7.9310299394 2.09582078478 4.2720
13ei13ei- -7.6257182125 1.72819498885 4.2355
13ei13ei-13ei -7.17700249268 1.34233756574 4.2186
13ei13ei-13ei-13ei -7.14679785659 1.2490025191 4.1976
13ei13ei-13ei-13ei- -7.36775429353 1.36982106344 4.2397
13ei13ei-13ei13ei- -7.00557077437 1.2144440616 4.0753
13ei13ei-4ei13ei -7.35741396766 0.549669953942 4.0924
13ei13ei13ei -7.72640033278 1.76547458474 4.2702
13ei13ei13ei-13ei -7.11468842364 1.16138186308 4.1018
13ei13ei13ei-13ei- -7.28040575134 1.19947780048 4.2338
13ei13ei13ei13ei -7.64884788878 1.5959476633 4.2686
13ei13ei13ei13ei- -7.35850242301 1.29635032702 4.2309
13el13el -7.99035075621 1.98833581854 4.2407
13el13el- -7.50190641595 1.90833435 4.1967
13el13el-13el -7.21591477159 1.40356317942 4.1895
13el13el-13el-13el -7.07060598179 1.12301381184 4.0307
13el13el-13el-13el- -7.0572724037 1.19730088977 4.0779
13el13el-13el13el- -6.92094337057 1.25988707265 4.0464
13el13el13el -7.72694456046 1.67921449791 4.2301
13el13el13el-13el -7.09319143039 1.17090584743 4.0911
13el13el13el-13el- -7.26734428709 1.31539829572 4.2021
13el13el13el13el -7.67551504496 1.53308936659 4.2317
13el13el13el13el- -7.26054144112 1.34723561483 4.1998
13fa13fa -7.22979257736 2.57147577463 5.1719
13fa13fa- -7.24856843222 2.62562642851 5.1974
13fa13fa-13fa -6.70733400728 2.08684102811 4.5095
13fa13fa-13fa-13fa- -7.25128957061 1.47730602968 4.4160
13fa13fa-13fa13fa- -6.40855301251 1.79948881456 4.1522
13fa13fa-4fa13fa -6.70923880415 0.967364696169 3.9520
13fa13fa13fa -6.70597343809 1.91731410667 4.4170
13fa13fa13fa-13fa -6.70978303183 1.55513058751 4.1067
13fa13fa13fa-13fa- -7.00883614043 1.28301674893 4.1215
13fa13fa13fa13fa -6.43304325799 1.54043644023 3.9998
13fa13fa13fa13fa- -6.52039180017 1.6198936811 4.0471
13fd13fd -8.65049892861 1.17580389653 4.6998
13fd13fd- -8.44069915907 0.963010874752 4.5709
13fd13fd-13fd -8.02055539229 0.491165478646 4.2274
13fd13fd-13fd-13fd -7.99007864237 0.0669400042919 3.8707
13fd13fd-13fd-13fd- -8.22191963284 -0.164628872344 3.8765
13fd13fd-13fd13fd- -7.80422489062 0.222044892285 3.9246
13fd13fd-4fd13fd -8.21130719314 -0.439191735476 3.9015
13fd13fd13fd -8.48831908082 0.662052969277 4.6413
13fd13fd13fd-13fd -7.98137099953 0.155649115671 4.0153
13fd13fd13fd-13fd- -8.22409654355 -0.0881648837015 4.0012
13fd13fd13fd13fd -7.9106214015 -0.243269771695 3.7588
13fd13fd13fd13fd- -8.09783572245 0.0389122789176 4.0210
13fe13fe -7.58707804742 1.71105181702 4.1750
13fe13fe- -7.62299707412 1.71975945986 4.1450
13fe13fe-13fe -7.11169517142 1.32628284926 4.1338
13fe13fe-13fe-13fe -7.03223793055 0.98641266487 3.8971
13fe13fe-13fe-13fe- -7.28040575134 0.814436718885 3.9466
13fe13fe-13fe13fe- -6.83577173909 1.1036937293 3.9092
13fe13fe-4fe13fe -7.12802200173 0.363544088349 3.7974
13fe13fe13fe -7.54816576851 1.52601440678 4.2187
13fe13fe13fe-13fe -6.97128443071 1.07512177625 3.9890
13fe13fe13fe-13fe- -7.20366964886 0.860968185283 3.9896
13fe13fe13fe13fe -7.42843567953 1.32791553229 4.2158
13fe13fe13fe13fe- -7.07115020947 0.990494372449 3.9891
13ff -8.45022314342 3.76823243672 6.1102
13ff13ff -7.34761786947 2.44031690443 5.1439
13ff13ff- -7.54843788235 2.32738966142 5.2113
13ff13ff-13ff -7.01182939266 1.81663198639 4.5025
13ff13ff-13ff-13ff -6.72148392689 1.2884590257 3.9546
13ff13ff-13ff-13ff- -6.98679491951 0.941241767665 3.8760
13ff13ff-13ff13ff- -6.67903416807 1.62479173019 4.1825
13ff13ff-4ff13ff -6.8844801162 1.04029120491 3.9851
13ff13ff13ff -7.01863223862 1.55023253842 4.2899
13ff13ff13ff-13ff -6.87169076578 1.25335634052 4.0164
13ff13ff13ff-13ff- -7.12475663567 0.869403714279 3.9111
13ff13ff13ff13ff -6.77209710086 1.13008877164 3.8625
13ff13ff13ff13ff- -6.86243889527 1.19566820674 3.9825
13fh13fh -7.4063944586 2.47351479274 5.2035
13fh13fh- -7.33999868199 2.36711828185 5.0921
13fh13fh-13fh -6.90380019874 2.01228183634 4.5404
13fh13fh-13fh-13fh -6.58379432456 1.55839595358 3.9945
13fh13fh-13fh-13fh- -6.76502214106 1.28927536722 3.9531
13fh13fh-13fh13fh- -6.63141424631 1.65118677253 4.1582
13fh13fh-4fh13fh -6.74869531074 1.11321771365 3.9562
13fh13fh13fh -7.00829191275 1.96030809317 4.6429
13fh13fh13fh-13fh -6.74706262771 1.43403992934 4.0370
13fh13fh13fh-13fh- -6.9261135335 1.09335340343 3.9281
13fh13fh13fh13fh -6.81672377039 1.66642514749 4.3466
13fh13fh13fh13fh- -6.86788117204 1.2299545504 4.0802
13fi13fi -7.42734722418 2.7687583076 5.4105
13fi13fi- -7.57510503853 2.59025162949 5.3404
13fi13fi-13fi -6.71549742244 2.15133200785 4.5319
13fi13fi-13fi-13fi -6.78216531289 1.80846857124 4.3370
13fi13fi-13fi-13fi- -7.25509916435 1.72411328127 4.5938
13fi13fi-13fi13fi- -6.43059423344 1.88656524291 4.1899
13fi13fi-4fi13fi -6.72311660992 1.11893210426 4.0428
13fi13fi13fi -7.07849728311 2.3265733199 4.9169
13fi13fi13fi-13fi -6.54814741171 1.8688778434 4.2547
13fi13fi13fi-13fi- -6.84447938193 1.72574596431 4.3511
13fi13fi13fi13fi -6.93019524108 2.12520907935 4.6960
13fi13fi13fi13fi- -6.73318482195 1.9584032963 4.4543
13fl13fl -7.62789512321 2.58861894646 5.4230
13fl13fl- -7.31659689187 2.60685057364 5.2382
13fl13fl-13fl -6.78624702047 2.08983428033 4.5426
13fl13fl-13fl13fl- -6.49889480692 1.81091759578 4.1775
13fl13fl13fl -6.96312101555 1.98996850157 4.5670
13fl13fl13fl-13fl -6.4041991911 1.77771970748 4.0721
13fl13fl13fl13fl -7.25999721345 1.86071442824 4.7257
13fl13fl13fl13fl- -6.79849214321 1.62805709625 4.2324
13ha13ha -7.17673037884 2.76603716922 5.1863
13ha13ha- -7.12230761112 2.75596895719 5.1898
13ha13ha-13ha -6.65780928866 2.30670900968 4.6285
13ha13ha-13ha-13ha -6.43005000576 1.98670313551 4.2479
13ha13ha-13ha-13ha- -6.61345473297 1.94534183204 4.3226
13ha13ha-13ha13ha- -6.3957636621 2.07241899466 4.3300
13ha13ha-4ha13ha -6.79223352492 1.25117942981 4.1444
13ha13ha13ha -6.82570352706 2.26643616157 4.6600
13ha13ha13ha-13ha -6.37045707511 2.02942500817 4.2650
13ha13ha13ha-13ha- -6.50760244976 1.88738158442 4.2340
13ha13ha13ha13ha -6.6447478244 1.98615890783 4.3667
13ha13ha13ha13ha- -6.4422951285 1.98670313551 4.2505
13hd13hd -8.08150889213 1.2383900794 4.6028
13hd13hd- -8.20804182708 1.13362625154 4.6330
13hd13hd-13hd -7.91851270282 0.725727607506 4.3806
13hd13hd-13hd-13hd -7.64667097807 0.427490840417 3.8680
13hd13hd-13hd-13hd- -7.62408552947 0.306944409924 3.7284
13hd13hd-13hd13hd- -7.77265968534 0.507492308961 4.1512
13hd13hd-4hd13hd -8.02055539229 -0.162451961635 3.9391
13hd13hd13hd -7.87034855339 0.717836306187 4.1920
13hd13hd13hd-13hd -7.69891683508 0.398646773527 4.0018
13hd13hd13hd-13hd- -7.74218293542 0.30776075144 3.9387
13hd13hd13hd13hd -7.80803448436 0.415517831519 3.9686
13hd13hd13hd13hd- -7.71361098237 0.32680872014 3.9300
13he13he -7.38516957919 1.95268890569 4.2273
13he13he- -7.44911633126 1.87921816927 4.1817
13he13he-13he -7.01019670962 1.54125278174 4.1988
13he13he-13he-13he -6.80012482624 1.32328959704 3.9886
13he13he-13he-13he- -6.87985418094 1.35812016838 4.0172
13he13he-13he13he- -6.753321246 1.31485406804 3.9758
13he13he-4he13he -7.15169590569 0.722734355282 4.0002
13he13he13he -6.91686166299 1.33444626442 3.9825
13he13he13he-13he -6.72039547153 1.30832333592 3.9648
13he13he13he-13he- -6.82815255161 1.24437658385 3.9723
13he13he13he13he -6.91822223218 1.37526334021 4.0389
13he13he13he13he- -6.79685946017 1.29145227792 3.9719
13hf13hf -7.23958867555 2.42562275715 4.9731
13hf13hf- -7.34081502351 2.36711828185 5.0925
13hf13hf-13hf -6.81781222574 2.03432305726 4.5210
13hf13hf-13hf-13hf -6.53971188271 1.52846343133 4.0422
13hf13hf-13hf-13hf- -6.86815328588 1.22941032273 4.0800
13hf13hf-13hf13hf- -6.63168636015 1.65118677253 4.1582
13hf13hf-4hf13hf -6.82760832393 1.13988486983 3.9937
13hf13hf13hf -6.76366157187 1.89554499958 4.3549
13hf13hf13hf-13hf -6.67631302968 1.56791993793 4.0979
13hf13hf13hf-13hf- -6.92638564734 1.09389763111 3.9287
13hf13hf13hf13hf -6.51685432027 1.34016065503 3.7817
13hf13hf13hf13hf- -6.7652942549 1.29009170873 3.9538
13hh -7.97756140579 4.03789725076 6.1492
13hh13hh -6.9571345111 2.82508587219 5.0878
13hh13hh- -6.9846180088 2.94699287187 5.2198
13hh13hh-13hh -6.47903049671 2.57746227908 4.6625
13hh13hh-13hh-13hh -6.13426226322 2.32058681545 4.2635
13hh13hh-13hh-13hh- -6.18079372962 2.20929225547 4.2113
13hh13hh-13hh13hh- -6.15630348415 2.36684616801 4.3079
13hh13hh-4hh13hh -6.5339974921 1.56084497812 4.0303
13hh13hh13hh -6.51984757249 2.34153958102 4.5135
13hh13hh13hh-13hh -6.2229713746 2.26997364148 4.2947
13hh13hh13hh-13hh- -6.16201787476 2.1812645301 4.2017
13hh13hh13hh13hh -6.28882292354 2.08792948346 4.1972
13hh13hh13hh13hh- -6.18133795729 2.21065282466 4.2124
13hi13hi -7.23931656171 2.99434067979 5.4028
13hi13hi- -7.08230687685 2.81284074945 5.1861
13hi13hi-13hi -6.54488204564 2.37256055862 4.5644
13hi13hi-13hi-13hi -6.50188805915 2.22126526437 4.4517
13hi13hi-13hi-13hi- -6.7187627885 2.24657185136 4.5912
13hi13hi-13hi13hi- -6.24936641694 2.14371282037 4.2457
13hi13hi-4hi13hi -6.78815181734 1.39975358568 4.2290
13hi13hi13hi -6.9797199597 2.58807471878 4.9901
13hi13hi13hi-13hi -6.37208975814 2.15514160159 4.3296
13hi13hi13hi-13hi- -6.58352221072 2.11595720884 4.4233
13hi13hi13hi13hi -6.87522824569 2.39650657642 4.7970
13hi13hi13hi13hi- -6.62297871732 2.28113030886 4.5682
13hl13hl -7.11985858657 2.46943308516 4.9352
13hl13hl- -7.15496127175 2.78698993479 5.2399
13hl13hl-13hl -6.64692473511 2.3385463288 4.6105
13hl13hl-13hl-13hl -6.82352661636 2.32249161232 4.7254
13hl13hl-13hl-13hl- -7.13945078295 2.469705199 4.9922
13hl13hl-13hl13hl- -6.3231092672 2.06507192102 4.2159
13hl13hl13hl -6.64638050744 1.93064768476 4.3148
13hl13hl13hl-13hl -6.30134016011 1.86942207108 4.0689
13hl13hl13hl-13hl- -6.58597123527 1.9951386645 4.3204
13hl13hl13hl13hl -6.41426740312 1.3801613893 3.7508
13hl13hl13hl13hl- -6.36447057066 1.67730970104 3.9362
13ia13ia -7.6221807326 2.83134449048 5.5946
13ia13ia- -7.52884568597 2.79324855307 5.4915
13ia13ia-13ia -7.05455126531 2.24303437146 4.8200
13ia13ia-13ia-13ia -6.87631670104 1.93881109992 4.5129
13ia13ia-13ia-13ia- -7.02407451539 2.02724809746 4.6837
13ia13ia-13ia13ia- -6.80774401372 1.94833508427 4.4731
13ia13ia-4ia13ia -7.19142452612 1.22179113525 4.3920
13ia13ia13ia -7.29482778478 2.35922698053 5.0905
13ia13ia13ia-13ia -6.85645239082 1.90452475626 4.4751
13ia13ia13ia-13ia- -6.94380093301 1.90479687009 4.5389
13ia13ia13ia13ia -7.14053923831 2.10670533832 4.8247
13ia13ia13ia13ia- -6.97754304899 1.9809887449 4.6134
13id13id -8.82410755763 1.33553471977 4.7861
13id13id- -8.52587079054 0.963282988591 4.7169
13id13id-13id -8.16559206826 0.533071009788 4.3309
13id13id-13id-13id -8.10926450367 0.300141563959 4.1902
13id13id-13id-13id- -8.21130719314 0.160819278604 4.1666
13id13id-13id13id- -7.98518059327 0.281637822935 4.0719
13id13id-4id13id -8.45076737109 -0.254970666754 4.2007
13id13id13id -8.72533023423 0.881376723177 4.7796
13id13id13id-13id -8.1680410928 0.242725544018 4.1674
13id13id13id-13id- -8.32015272857 0.244086113211 4.2906
13id13id13id13id -8.73349364938 0.633481016226 4.7650
13id13id13id13id- -8.44505298048 0.406810188684 4.4843
13ie13ie -7.9310299394 2.09582078478 4.2720
13ie13ie- -7.6257182125 1.72819498885 4.2354
13ie13ie-13ie -7.17700249268 1.3420654519 4.2192
13ie13ie-13ie-13ie -7.14706997043 1.24927463294 4.1978
13ie13ie-13ie-13ie- -7.35850242301 1.29635032702 4.2309
13ie13ie-13ie13ie- -7.00557077437 1.2144440616 4.0753
13ie13ie-4ie13ie -7.4409529161 0.604636949336 4.1565
13ie13ie13ie -7.72612821894 1.7652024709 4.2701
13ie13ie13ie-13ie -7.11849801738 1.18260674249 4.1247
13ie13ie13ie-13ie- -7.28067786518 1.19974991432 4.2338
13ie13ie13ie13ie -7.64912000262 1.59649189098 4.2686
13ie13ie13ie13ie- -7.36748217969 1.3695489496 4.2397
13if13if -7.68367846012 2.75624107103 5.5376
13if13if- -7.57510503853 2.59025162949 5.3403
13if13if-13if -6.91767800451 2.05064988758 4.5796
13if13if-13if-13if -6.48692179803 1.94479760437 4.2727
13if13if-13if-13if- -6.73318482195 1.95813118246 4.4542
13if13if-13if13if- -6.43059423344 1.88656524291 4.1900
13if13if-4if13if -7.07523191705 1.11648307971 4.1601
13if13if13if -7.49265454544 2.2800418535 5.1221
13if13if13if-13if -6.84937743102 1.64928197566 4.2846
13if13if13if-13if- -6.84420726809 1.72574596431 4.3509
13if13if13if13if -7.42625876882 2.04847297687 4.9315
13if13if13if13if- -7.25537127819 1.72438539511 4.5938
13ih13ih -7.23931656171 2.99434067979 5.4028
13ih13ih- -7.08230687685 2.81284074945 5.1861
13ih13ih-13ih -6.54488204564 2.37256055862 4.5644
13ih13ih-13ih-13ih -6.50188805915 2.22126526437 4.4517
13ih13ih-13ih-13ih- -6.62270660348 2.28113030886 4.5678
13ih13ih-13ih13ih- -6.24936641694 2.14371282037 4.2456
13ih13ih-4ih13ih -6.76692693793 1.537443188 4.2007
13ih13ih13ih -6.9797199597 2.58807471878 4.9901
13ih13ih13ih-13ih -6.45454025123 2.107249566 4.3343
13ih13ih13ih-13ih- -6.58352221072 2.11595720884 4.4233
13ih13ih13ih13ih -6.87522824569 2.39650657642 4.7970
13ih13ih13ih13ih- -6.71849067466 2.24629973752 4.5912
13ii -8.39416769267 4.25967002921 7.2229
13ii13ii -7.68476691548 3.09611125542 5.8390
13ii13ii- -7.55823398053 3.03434141406 5.6951
13ii13ii-13ii -7.15632184094 2.53963845551 5.1121
13ii13ii-13ii-13ii -7.08802126746 2.35922698053 4.9585
13ii13ii-13ii-13ii- -7.06108199744 2.22371428892 4.8498
13ii13ii-13ii13ii- -6.93971922543 2.26371502319 4.7987
13ii13ii-4ii13ii -7.33564486057 1.45526480875 4.7127
13ii13ii13ii -7.30734502136 2.49555601366 5.1873
13ii13ii13ii-13ii -6.98189687041 2.22561908579 4.7965
13ii13ii13ii-13ii- -7.05427915148 2.21391819073 4.8343
13ii13ii13ii13ii -7.25210591213 2.36439714346 5.0714
13ii13ii13ii13ii- -7.28285477589 2.52140682833 5.1902
13il13il -7.59306455187 2.73937001303 5.5052
13il13il- -7.29346721559 2.66018488601 5.2358
13il13il-13il -6.80747189988 2.115685095 4.5466
13il13il-13il-13il -6.50705822208 1.88466044604 4.2201
13il13il-13il-13il- -6.69917059212 1.86778938805 4.3366
13il13il-13il13il- -6.49018716409 1.8653403635 4.1903
13il13il13il -7.25972509961 2.27623225976 4.9978
13il13il13il-13il -6.6305979048 1.77118897535 4.2180
13il13il13il-13il- -6.60039326872 1.79404653779 4.2175
13il13il13il13il -7.10788557768 2.05990175809 4.7594
13il13il13il13il- -6.85998987073 1.96221289004 4.5049
13la13la -7.31986225793 2.6199120379 5.2194
13la13la- -7.21128883634 2.6805934239 5.2092
13la13la-13la -6.6080124562 2.1657540413 4.4767
13la13la-13la-13la -6.3195717873 1.8032984083 4.0411
13la13la-13la-13la- -6.29453731415 1.66533669214 3.9629
13la13la13la -6.74760685539 1.87432012017 4.3298
13la13la13la-13la -6.46352000791 1.85200678541 4.1737
13la13la13la-13la- -6.53780708584 1.71214027238 4.1220
13la13la13la13la -6.44419992537 1.47159163907 3.8679
13la13la13la13la- -6.37698780724 1.6805750671 3.9743
13ld13ld- -8.30954028887 1.1692731644 4.8237
13ld13ld-13ld -8.02327653068 0.466947347012 4.1480
13ld13ld-13ld-13ld -7.76803375008 0.413068806972 3.9670
13ld13ld-13ld-13ld- -7.9332068501 0.264766764943 3.9851
13ld13ld-13ld13ld- -7.72476764975 0.316468394274 3.8418
13ld13ld13ld -7.80476911829 0.747224600754 4.1982
13ld13ld13ld-13ld -7.94762888355 0.587221663666 4.1737
13ld13ld13ld13ld -7.9332068501 0.264494651105 3.9850
13ld13ld13ld13ld- -7.80885082587 0.422048563645 4.0028
13le13le -7.64286138433 1.83350304439 4.2083
13le13le- -7.50190641595 1.90833435 4.1965
13le13le-13le -7.17400924045 1.46642147613 4.1888
13le13le-13le-13le -7.00693134356 1.22478438747 4.0679
13le13le-13le-13le- -7.26081355496 1.34750772867 4.1998
13le13le-13le13le- -6.92094337057 1.25988707265 4.0465
13le13le13le -7.17428135429 1.46642147613 4.1889
13le13le13le-13le -7.09509622726 1.31430984037 4.1797
13le13le13le-13le- -7.26707217325 1.31567040956 4.2021
13le13le13le13le -7.60013951168 1.18042983178 4.2195
13le13le13le13le- -7.05700028986 1.19730088977 4.0778
13lf13lf- -7.31659689187 2.60685057364 5.2382
13lf13lf-13lf -6.68991872161 2.2264354273 4.5673
13lf13lf-13lf-13lf -6.50760244976 1.77445434141 4.1315
13lf13lf-13lf-13lf- -6.9571345111 1.7722774307 4.4568
13lf13lf-13lf13lf- -6.4994390346 1.81064548194 4.1777
13lh13lh- -7.15496127175 2.78698993479 5.2400
13lh13lh-13lh -6.69236774616 2.28575624411 4.6036
13lh13lh-13lh-13lh -6.38460699472 1.95214467801 4.1761
13lh13lh-13lh-13lh- -6.36447057066 1.67758181488 3.9365
13lh13lh-13lh13lh- -6.36555902602 2.10861013519 4.2788
13li13li -7.29346721559 2.65991277217 5.2359
13li13li- -7.29346721559 2.66018488601 5.2358
13li13li-13li -6.77046441783 2.14208013734 4.5454
13li13li-13li-13li -6.69644945374 1.93173614011 4.3820
13li13li-13li-13li- -6.85998987073 1.96275711771 4.5052
13li13li-13li13li- -6.49018716409 1.8653403635 4.1902
13li13li13li -6.92284816744 2.08711314195 4.6135
13li13li13li-13li -6.49073139177 1.86506824966 4.1905
13li13li13li-13li- -6.60039326872 1.79377442395 4.2172
13li13li13li13li -6.76257311651 1.76057653564 4.3046
13li13li13li13li- -6.69917059212 1.86751727421 4.3363
13ll -8.25430117963 4.07463261897 6.7027
13ll13ll -7.71497155156 2.71079805998 5.5204
13ll13ll- -7.0156389864 2.85501839443 5.1867
13ll13ll-13ll -6.79740368785 2.18289721313 4.5960
13ll13ll-13ll-13ll -6.61889700974 1.77527068293 4.2073
13ll13ll-13ll-13ll- -6.82651986858 2.00411842118 4.4986
13ll13ll-13ll13ll- -6.43249903031 1.92574963567 4.1925
13ll13ll13ll -7.25564339203 1.9584032963 4.7166
13ll13ll13ll-13ll -6.545970501 1.88384410452 4.2322
13ll13ll13ll-13ll- -6.71277628405 1.87159898179 4.3420
13ll13ll13ll13ll -7.55251958992 2.26888518612 5.1760
13ll13ll13ll13ll- -6.76066831964 1.79023694405 4.3018
3 -11.3044251963 4.34946759594 4.6699
4dd -10.8290423203 -0.449532061342 4.8246
4dd4dd -10.8921727309 -1.06396510887 4.7553
4dd4dd4dd -10.8304028895 -1.4337678155 4.7328
4dd4dd4dd4dd -10.8050963025 -1.6544521386 4.7218
4dh -8.98792008846 1.32519439391 4.8980
4dh4dh -8.99907675584 0.736340047211 4.8487
4dh4dh- -8.91580992123 0.718108420026 4.8528
4dh4dh-4dh -8.89268024495 0.416606286874 4.8435
4dh4dh-4dh-4dh -8.90111577395 0.282998392128 4.8223
4dh4dh-4dh-4dh- -8.78383470952 0.286807985868 4.8424
4dh4dh-4dh4dh -8.74465031676 0.248712048467 4.8173
4dh4dh-4dh4dh- -8.85594487675 0.237011153407 4.8153
4dh4dh4dh -8.94329341893 0.55375166152 4.8431
4dh4dh4dh-4dh -8.85512853523 0.217691070868 4.7897
4dh4dh4dh-4dh- -8.88179569141 0.208167086517 4.7540
4dh4dh4dh4dh -8.84070650179 0.222044892285 4.7704
4dh4dh4dh4dh- -8.79580771842 0.270209041715 4.7876
4hd -8.98873642998 1.32492228007 4.8981
4hd4hd -8.998804642 0.736067933372 4.8487
4hd4hd- -8.91689837659 0.71729207851 4.8530
4hd4hd-4hd -8.89186390344 0.416878400712 4.8435
4hd4hd-4hd-4hd -8.79417503539 0.17877879195 4.7920
4hd4hd-4hd-4hd- -8.92370122255 0.230208307443 4.8149
4hd4hd-4hd4hd -8.90519748153 0.222044892285 4.7947
4hd4hd-4hd4hd- -8.85512853523 0.237555381085 4.8125
4hd4hd4hd -8.94547032964 0.538785400398 4.8429
4hd4hd4hd-4hd -8.84750934775 0.216874729352 4.7804
4hd4hd4hd-4hd- -8.88261203293 0.206806517325 4.7538
4hd4hd4hd4hd -8.84070650179 0.222044892285 4.7702
4hd4hd4hd4hd- -8.78329048184 0.286263758191 4.8424
4hh -7.74327139077 2.49120219224 4.9252
4hh4hh -7.62898357857 1.83459149974 4.6346
4hh4hh4hh -7.55224747609 1.485197331 4.4270
4hh4hh4hh4hh -7.50979771727 1.29172439176 4.3314
6aa -10.2437254535 1.86017020057 4.7411
6aa6aa -9.34493344468 0.705046955774 4.6039
6aa6aa- -9.36588621025 0.7115776879 4.6758
6aa6aa-4aa6aa -8.67063535267 0.112655129174 4.6154
6aa6aa-6aa -8.96533463986 0.136329033131 4.6620
6aa6aa-6aa-6aa -8.7413849507 -0.179050905789 4.4508
6aa6aa-6aa-6aa- -8.72968405564 -0.178506678112 4.4437
6aa6aa-6aa6aa- -8.75852812253 -0.171431718308 4.4702
6aa6aa6aa -8.93132041003 0.127077162619 4.5146
6aa6aa6aa-6aa -8.7449224306 -0.175241312049 4.4565
6aa6aa6aa-6aa- -8.73240519403 -0.177418222757 4.4470
6aa6aa6aa6aa -8.71498990836 -0.18068358882 4.4294
6aa6aa6aa6aa- -8.72560234806 -0.18258838569 4.4347
6ad6ad -10.2510725272 -0.527356619178 4.5847
6ad6ad- -10.3038626119 -0.537696945044 4.6765
6ad6ad-4ad6ad -9.91718884723 -1.0416517741 4.6391
6ad6ad-6ad -10.0358304809 -1.14995308186 4.6427
6ad6ad-6ad-6ad -9.87038526699 -1.49172806312 4.3761
6ad6ad-6ad-6ad- -9.84779981839 -1.49336074615 4.3647
6ad6ad-6ad6ad- -9.89596396782 -1.49363285999 4.3950
6ad6ad6ad -9.97514909485 -1.1382521868 4.4630
6ad6ad6ad-6ad -9.88045347902 -1.48982326625 4.3811
6ad6ad6ad-6ad- -9.85868437193 -1.49118383545 4.3702
6ad6ad6ad6ad -9.83473835414 -1.48737424171 4.3564
6ad6ad6ad6ad- -9.85732380274 -1.48764635554 4.3664
6ae6ae -9.2265639249 0.252793756045 4.1869
6ae6ae- -9.27418384665 0.259052374333 4.1858
6ae6ae-4ae6ae -8.83118251743 -0.0672121181305 4.1996
6ae6ae-6ae -8.98274992553 -0.250344731498 4.1845
6ae6ae-6ae-6ae -8.78056934346 -0.533343123626 4.1764
6ae6ae-6ae-6ae- -8.76016080556 -0.535792148174 4.3097
6ae6ae-6ae6ae- -8.81077397954 -0.529533529886 4.3395
6ae6ae6ae -8.92234065336 -0.263134081912 4.1712
6ae6ae6ae-6ae -8.79009332781 -0.536608489689 4.3196
6ae6ae6ae-6ae- -8.7653309685 -0.537696945044 4.3104
6ae6ae6ae6ae -8.74437820293 -0.54613247404 4.1585
6ae6ae6ae6ae- -8.76342617163 -0.543139221815 4.1625
6af6af -9.28506840019 0.728992973569 4.6038
6af6af- -9.30112311667 0.679740368785 4.6759
6af6af-4af6af -8.56206193107 0.0122451227363 4.4171
6af6af-6af -8.95526642783 0.126260821103 4.5448
6af6af-6af-6af -8.62764136617 -0.209255541872 4.3073
6af6af-6af-6af- -8.60369534838 -0.274018635455 4.2872
6af6af-6af6af- -8.82710080986 -0.1692548076 4.4095
6af6af6af -9.08533684267 0.197010419135 4.4906
6af6af6af-6af -8.89921097708 -0.207894972679 4.4170
6af6af6af-6af- -8.87444861777 -0.264222537266 4.3779
6af6af6af6af -8.98438260856 -0.0933350466346 4.4007
6af6af6af6af- -9.00343057726 -0.17496919821 4.4243
6ah6ah -8.56097347572 1.11784364891 4.5985
6ah6ah- -8.52641501822 1.09144860656 4.6486
6ah6ah-4ah6ah -8.10110108851 0.588854346698 4.4138
6ah6ah-6ah -8.32423443615 0.60953499843 4.4752
6ah6ah-6ah-6ah -8.21974272213 0.3730680727 4.3231
6ah6ah-6ah-6ah- -8.24396085377 0.391027586047 4.3427
6ah6ah-6ah6ah- -8.20668125788 0.350210510259 4.2999
6ah6ah6ah -8.3563438691 0.658515489375 4.4609
6ah6ah6ah-6ah -8.20368800566 0.368714251283 4.3005
6ah6ah6ah-6ah- -8.22572922658 0.379054577149 4.3150
6ah6ah6ah6ah -8.23198784487 0.403272708783 4.3104
6ah6ah6ah6ah- -8.20341589182 0.381775715535 4.2908
6ai6ai -9.3267018175 1.07593811776 4.6400
6ai6ai- -9.34057962327 1.06723047493 4.6741
6ai6ai-4ai6ai -8.76124926092 0.558921824453 4.6597
6ai6ai-6ai -9.03662846557 0.583956297603 4.6586
6ai6ai-6ai-6ai -8.86383617806 0.344768233487 4.6302
6ai6ai-6ai-6ai- -8.8641082919 0.356741242385 4.6030
6ai6ai-6ai6ai- -8.88043512222 0.332523110751 4.6577
6ai6ai6ai -9.01295456161 0.613616706009 4.5945
6ai6ai6ai-6ai -8.85567276291 0.333883679944 4.5982
6ai6ai6ai-6ai- -8.860570812 0.343135550456 4.6019
6ai6ai6ai6ai -8.83961804643 0.362455632995 4.5599
6ai6ai6ai6ai- -8.8309104036 0.342863436617 4.5666
6al6al -8.74111283686 0.759741837329 4.4823
6al6al- -8.8725438209 0.811987694337 4.5600
6al6al6al -8.34328240485 0.226670827541 4.4134
6al6al6al6al -8.11035295902 -0.0590487029729 4.1341
6al6al6al6al- -8.14518353036 -0.0163268303151 4.1575
6da6da -10.2004593532 -0.40381693646 4.2489
6da6da- -10.2995087904 -0.470212713075 5.2066
6da6da-4da6da -9.98494519303 -0.865866234377 4.5237
6da6da-6da -10.0518851973 -1.06804681645 4.7516
6da6da-6da-6da -9.88480730044 -1.399209358 4.2915
6da6da-6da-6da- -9.82194900372 -1.37172586031 4.4407
6da6da-6da6da- -9.93079453916 -1.3956718781 4.4928
6da6da6da -9.91528405036 -1.0226038054 4.1727
6da6da6da-6da -9.89052169105 -1.39376708123 4.4665
6da6da6da-6da- -9.85269786748 -1.38288252769 4.4541
6da6da6da6da -9.76807046368 -1.35621537151 4.1268
6da6da6da6da- -9.83256144343 -1.3850594384 4.4309
6dd -11.2138112881 -0.781238830577 4.5378
6dd6dd -10.9261869607 -1.61581197352 4.1451
6dd6dd6dd -10.7563879254 -2.20820380012 4.0595
6dd6dd6dd6dd -11.082380304 -2.05990175809 4.5086
6de6de -10.1210021123 -0.650896301895 4.1180
6de6de6de -10.0744706459 -0.902873716425 4.1117
6de6de6de6de -10.0516130835 -1.04845462007 4.1081
6df6df -10.1446760163 -0.0351026851775 4.5314
6df6df- -10.2290313062 -0.283542619805 4.5720
6df6df-4df6df -9.79773087209 -0.74232655166 4.5009
6df6df-6df -10.0682120276 -0.64409345593 4.5654
6df6df-6df-6df -9.87882079599 -0.948316727468 4.4868
6df6df-6df-6df- -9.85514689203 -0.95566380111 4.4666
6df6df-6df6df- -10.0815456057 -0.937432173925 4.5626
6df6df6df -10.1495740654 -0.485995315713 4.4868
6df6df6df-6df -10.1041310543 -0.998113559929 4.4620
6df6df6df-6df- -10.0695725968 -1.06124397048 4.4735
6df6df6df6df -10.1522952038 -0.707768094159 4.4813
6df6df6df6df- -10.1751527662 -0.996752990737 4.4540
6dh6dh -9.38847165886 0.554023775359 4.5609
6dh6dh- -9.2886058801 0.293066604156 4.5900
6dh6dh-4dh6dh -9.1490114809 -0.102859030985 4.5017
6dh6dh-6dh -9.30248368586 -0.0663957766147 4.5684
6dh6dh-6dh-6dh -9.24833303199 -0.306944409924 4.4859
6dh6dh-6dh-6dh- -9.23663213693 -0.204085378939 4.5283
6dh6dh-6dh6dh- -9.32398067911 -0.28272627829 4.5592
6dh6dh6dh -9.24397921057 -0.0669400042919 4.5447
6dh6dh6dh-6dh -9.31717783315 -0.279460912227 4.5569
6dh6dh6dh-6dh- -9.25948969937 -0.247623593112 4.4478
6dh6dh6dh6dh -9.23499945389 -0.280277253742 4.4877
6dh6dh6dh6dh- -9.24860514582 -0.308304979117 4.4870
6di6di -10.3207336698 0.12109065817 4.5712
6di6di- -10.3215500114 0.121634885847 4.5705
6di6di-4di6di -10.092974387 -0.284903188998 4.5141
6di6di-6di -10.2616849669 -0.218507412384 4.5643
6di6di-6di-6di -10.2146092728 -0.425313929708 4.5505
6di6di-6di-6di- -10.2069900853 -0.482185721972 4.5713
6di6di-6di6di- -10.2437254535 -0.407354416362 4.5631
6di6di6di-6di -10.2064458576 -0.43456580022 4.5356
6di6di6di-6di- -10.1661730095 -0.484906860358 4.5429
6di6di6di6di -10.2069900853 -0.482185721972 4.5713
6di6di6di6di- -10.2148813866 -0.42504181587 4.5505
6dl6dl -9.49486816974 -0.242453430179 4.1396
6dl6dl- -9.79038379845 0.20000367136 4.5855
6dl6dl6dl -9.22493124187 -0.80191948231 4.0781
6dl6dl6dl6dl -9.05921391417 -1.09634665566 4.1429
6dl6dl6dl6dl- -9.58031191506 -0.328985630849 4.5217
6ea6ea -9.10765017744 0.371707503507 3.8055
6ea6ea- -9.26003392704 0.330618313881 5.0839
6ea6ea-4ea6ea -8.87281593474 0.0974167542134 4.1640
6ea6ea-6ea -8.96615098137 -0.160547164765 4.6451
6ea6ea-6ea-6ea -8.94601455732 -0.0737428502565 4.1045
6ea6ea-6ea-6ea- -8.99118545452 -0.00816341515755 4.0819
6ea6ea-6ea6ea- -8.80043365367 -0.425858157385 4.3949
6ea6ea6ea -9.12370489391 0.325176037109 4.0949
6ea6ea6ea-6ea -8.7639703993 -0.436742710929 3.8329
6ea6ea6ea-6ea- -8.72750714493 -0.450620516697 3.8144
6ea6ea6ea6ea -8.65185949781 -0.449532061342 3.7338
6ea6ea6ea6ea- -8.7068264932 -0.450348402858 3.7769
6ed6ed -10.0837225164 -0.657154920183 4.0291
6ed6ed6ed -10.0037210479 -0.92872453109 4.0107
6ed6ed6ed6ed -9.58493785031 -1.69744612509 3.5255
6ee -9.40126100927 0.330346200042 4.1917
6ee6ee -9.18737953214 0.05768813378 4.0973
6ee6ee6ee -9.06547253246 -0.113743584528 4.0833
6ee6ee6ee6ee -8.99635561746 -0.220956436931 4.0776
6ef6ef -9.12833082917 0.767361024809 4.1748
6ef6ef- -9.16370562819 0.47102905459 4.2863
6ef6ef-4ef6ef -8.68587372763 0.158914481734 4.2238
6ef6ef-6ef -8.99581138978 0.22503814451 4.2277
6ef6ef-6ef-6ef -8.79771251529 0.0204085378939 4.1836
6ef6ef-6ef-6ef- -8.74002438151 -0.0337421159845 4.1650
6ef6ef-6ef6ef- -8.93866748368 0.0122451227363 4.2313
6ef6ef6ef -9.07390806145 0.379870918665 4.1726
6ef6ef6ef-6ef -9.0001652112 -0.0829947207684 4.1760
6ef6ef6ef-6ef- -8.95390585864 -0.148846269706 4.1718
6ef6ef6ef6ef -9.05567643427 0.175241312049 4.1727
6ef6ef6ef6ef- -9.076357086 -0.0555112230713 4.1720
6eh6eh -8.4959382683 0.976616566681 4.2913
6eh6eh- -8.32369020847 1.07484966241 4.2318
6eh6eh-4eh6eh -8.21538890072 0.69797199597 4.2498
6eh6eh-6eh -8.45974712777 0.706951752644 4.2849
6eh6eh-6eh-6eh -8.39117444044 0.595385078824 4.2192
6eh6eh-6eh-6eh- -8.42709346714 0.685998987073 4.2113
6eh6eh-6eh6eh- -8.38165045609 0.565996784257 4.2292
6eh6eh6eh -8.41947427966 0.671849067466 4.2836
6eh6eh6eh-6eh -8.42056273501 0.590759143568 4.2276
6eh6eh6eh-6eh- -8.41103875066 0.620963779651 4.2198
6eh6eh6eh6eh -8.37865720387 0.498784666126 4.2783
6eh6eh6eh6eh- -8.43552899613 0.706951752644 4.2275
6ei6ei -9.31010287334 0.895526642783 4.2282
6ei6ei- -9.31010287334 0.895526642783 4.2282
6ei6ei-4ei6ei -9.05703700346 0.645726138962 4.2122
6ei6ei-6ei -9.22738026641 0.709672891029 4.2218
6ei6ei-6ei-6ei -9.18302571073 0.603004266304 4.2211
6ei6ei-6ei-6ei- -9.13295676443 0.463954094787 4.2289
6ei6ei-6ei6ei- -9.13295676443 0.464226208626 4.2289
6ei6ei6ei -9.19989676872 0.633481016226 4.2280
6ei6ei6ei-6ei -9.18302571073 0.603004266304 4.2211
6ei6ei6ei-6ei- -9.14873936706 0.529533529886 4.2235
6ei6ei6ei6ei -9.13295676443 0.463954094787 4.2288
6ei6ei6ei6ei- -9.16397774202 0.520281659374 4.2221
6el6el -8.50464591113 0.475654989846 3.7652
6el6el- -8.86111503968 0.988589575579 4.2438
6el6el6el -8.21239564849 -0.0299325222443 3.7192
6el6el6el6el -8.03497742574 -0.29605985638 3.6953
6el6el6el6el- -8.52124485529 0.538785400398 4.1910
6fa6fa -8.86574097494 0.429939864964 4.5833
6fa6fa- -8.97594707956 0.71538728164 4.9568
6fa6fa-4fa6fa -8.71716681907 0.188030662462 4.5847
6fa6fa-6fa -8.90274845698 0.0601371583273 4.5758
6fa6fa-6fa-6fa -8.77050113143 -0.0693890288392 4.4476
6fa6fa-6fa-6fa- -8.34872468162 -0.123811796556 4.1503
6fa6fa-6fa6fa- -8.60614437293 -0.127621390296 4.3019
6fa6fa6fa -8.53321786418 -0.230480421281 4.0511
6fa6fa6fa-6fa -8.57131380159 -0.283814733644 4.1031
6fa6fa6fa-6fa- -8.28831540946 -0.137689602324 4.0327
6fa6fa6fa6fa -8.35307850304 -0.595657192662 3.7700
6fa6fa6fa6fa- -8.28505004339 -0.364360429865 3.8460
6fd6fd -9.63228565823 -0.670760612112 4.4272
6fd6fd- -9.95446844311 -0.0185037410238 4.7762
6fd6fd-4fd6fd -9.96535299666 -0.60953499843 4.7671
6fd6fd-6fd -10.000183568 -0.731441998116 4.7448
6fd6fd-6fd-6fd -9.97923080242 -0.876478674082 4.7141
6fd6fd-6fd-6fd- -9.83419412646 -0.678379799592 4.7428
6fd6fd-6fd6fd- -9.82167688988 -0.92872453109 4.6112
6fd6fd6fd -9.41785995342 -1.38832480446 3.9504
6fd6fd6fd-6fd -9.79337705067 -1.20628064645 4.2770
6fd6fd6fd-6fd- -9.61459825872 -1.04600559552 4.2564
6fd6fd6fd6fd -9.29812986445 -1.79595133466 3.7135
6fd6fd6fd6fd- -9.43173775919 -1.47866659887 3.9030
6fe6fe -8.63716535052 0.0715659395478 4.2053
6fe6fe- -8.97077691663 0.776068667644 4.2347
6fe6fe-4fe6fe -8.85404007988 0.257963918978 4.2312
6fe6fe-6fe -8.94247707742 0.140138626871 4.2291
6fe6fe-6fe-6fe -8.8845168298 -0.00380959374019 4.2310
6fe6fe-6fe-6fe- -8.73240519403 0.227215055218 4.2304
6fe6fe-6fe6fe- -8.75825600869 -0.00408170757877 4.2285
6fe6fe6fe -8.36994956103 -0.562459304355 3.8689
6fe6fe6fe-6fe -8.66709787277 -0.292794490317 4.1668
6fe6fe6fe-6fe- -8.51661892003 -0.123811796556 4.1690
6fe6fe6fe6fe -8.21538890072 -0.912669814614 3.6366
6fe6fe6fe6fe- -8.33811224192 -0.58259572841 3.8255
6ff -9.1955429473 1.62370327484 5.1163
6ff6ff -8.73186096635 0.268848472522 4.3651
6ff6ff- -8.83553633885 0.610623453785 4.7102
6ff6ff-4ff6ff -8.57457916765 0.0484362632681 4.3427
6ff6ff-6ff -8.44695777735 -0.278644570711 4.0104
6ff6ff-6ff-6ff -8.59362713635 -0.215242046321 4.1915
6ff6ff-6ff-6ff- -8.4303588332 -0.0304767499215 4.1828
6ff6ff-6ff6ff- -8.21130719314 -0.478648242071 3.7562
6ff6ff6ff -8.52233331064 -0.403272708783 3.9124
6ff6ff6ff-6ff -8.54981680834 -0.431844661834 3.9357
6ff6ff6ff-6ff- -8.40614070157 -0.258236032817 3.9443
6ff6ff6ff6ff -8.40858972611 -0.785864765833 3.6693
6ff6ff6ff6ff- -8.36178614588 -0.542867107977 3.7445
6fh6fh -8.07443393233 0.575520768607 4.1694
6fh6fh- -8.25511752115 1.04845462007 4.5712
6fh6fh-4fh6fh -8.14736044107 0.538785400398 4.3352
6fh6fh-6fh -8.20858605475 0.374700755731 4.3174
6fh6fh-6fh-6fh -8.18926597221 0.256875463624 4.2130
6fh6fh-6fh-6fh- -8.05184848373 0.563547759709 4.2326
6fh6fh-6fh6fh- -7.99497669146 0.247079365435 4.0951
6fh6fh6fh -7.8140209888 -0.0593208168115 3.7358
6fh6fh6fh-6fh -7.95497595719 0.0386401650791 3.8246
6fh6fh6fh-6fh- -7.79225188172 0.280549367581 3.8488
6fh6fh6fh6fh -7.65864398697 -0.422320677484 3.5069
6fh6fh6fh6fh- -7.64884788878 -0.133063667068 3.5958
6fi6fi -8.70764283472 0.584228411442 4.5972
6fi6fi- -9.01975740757 1.19240284068 5.0744
6fi6fi-4fi6fi -8.91608203507 0.874301763373 5.0312
6fi6fi-6fi -9.06111871104 0.63456947158 4.9853
6fi6fi-6fi-6fi -8.95118472025 0.54041808343 4.8824
6fi6fi-6fi-6fi- -8.78764430326 0.80001468544 4.9052
6fi6fi-6fi6fi- -8.86438040574 0.561915076678 4.8729
6fi6fi6fi -8.37756874851 -0.0617698413588 4.1061
6fi6fi6fi-6fi -8.65022681478 0.205990175809 4.3981
6fi6fi6fi-6fi- -8.47090379515 0.386401650791 4.3917
6fi6fi6fi6fi -8.22328020204 -0.397014090495 3.8564
6fi6fi6fi6fi- -8.24777044751 -0.114832039883 4.0030
6fl6fl -8.18219101241 0.400279456558 4.1550
6fl6fl- -8.61675681263 1.12383015336 4.8716
6fl6fl6fl -7.81810269638 -0.241092860986 3.6462
6fl6fl6fl6fl -7.60422121926 -0.599466786403 3.3789
6fl6fl6fl6fl- -7.72259073904 -0.280005139904 3.5564
6ha6ha -8.13620377369 1.02369226076 4.4369
6ha6ha- -8.41974639349 1.10532641233 4.7637
6ha6ha-4ha6ha -7.87388603329 0.476199217524 4.1033
6ha6ha-6ha -8.18028621554 0.625589714907 4.3958
6ha6ha-6ha-6ha -7.89211766048 0.290889693447 3.9635
6ha6ha-6ha-6ha- -7.76367992867 0.241364974825 3.8630
6ha6ha-6ha6ha- -8.05103214221 0.370346934314 4.1956
6ha6ha6ha -7.8485794463 0.490621250969 4.0079
6ha6ha6ha-6ha -7.94626831436 0.328441403172 4.0368
6ha6ha6ha-6ha- -7.83769489276 0.281637822935 3.9629
6ha6ha6ha6ha -7.70463122569 0.20762285884 3.7891
6ha6ha6ha6ha- -7.80531334597 0.254154325238 3.8607
6hd6hd -8.97023268895 0.0824504930912 4.4259
6hd6hd- -9.14166440726 0.297692539412 4.7286
6hd6hd-4hd6hd -8.91227244133 -0.383952626243 4.2318
6hd6hd-6hd -9.07363594761 -0.143676106773 4.5353
6hd6hd-6hd-6hd -8.95036837873 -0.564908328902 4.1369
6hd6hd-6hd-6hd- -8.7688684484 -0.629671422485 4.0238
6hd6hd-6hd6hd- -9.0192131799 -0.375789211086 4.4368
6hd6hd6hd -8.83526422501 -0.48653954339 4.0957
6hd6hd6hd-6hd -9.01839683838 -0.575792882446 4.2406
6hd6hd6hd-6hd- -8.82465178531 -0.637834837643 4.1257
6hd6hd6hd6hd -8.76260983011 -0.794844522507 3.9428
6hd6hd6hd6hd- -8.929687727 -0.735795819534 4.0220
6he6he -8.13021726924 0.763279317231 4.2428
6he6he- -8.36015346284 0.951309979693 4.2899
6he6he-4he6he -8.02926303512 0.407898644039 4.2265
6he6he-6he -8.24015126003 0.609807112269 4.2866
6he6he-6he-6he -8.04504563776 0.243813999372 4.1096
6he6he-6he-6he- -7.84966790166 0.228303510573 4.0029
6he6he-6he6he- -8.17756507715 0.42694661274 4.2857
6he6he6he -7.93973758223 0.28082148142 4.0612
6he6he6he-6he -8.13892491207 0.253065869884 4.1818
6he6he6he-6he- -7.94735676971 0.19428928075 4.1227
6he6he6he6he -7.8379670066 0.0225854486025 3.9008
6he6he6he6he- -8.01157563562 0.0946956158275 3.9899
6hf6hf -8.18817751686 0.84600192416 4.3265
6hf6hf- -8.35443907223 0.873757535696 4.5466
6hf6hf-4hf6hf -7.90517912473 0.232385218152 3.9738
6hf6hf-6hf -8.20368800566 0.433477344866 4.3361
6hf6hf-6hf-6hf -7.89483879886 0.0386401650791 3.8435
6hf6hf-6hf-6hf- -7.6102077237 -0.0699332565163 3.6559
6hf6hf-6hf6hf- -8.09293767335 0.233201559667 4.1248
6hf6hf6hf -8.05973978505 0.325992378625 3.9877
6hf6hf6hf-6hf -8.0679032002 0.130886756359 3.9638
6hf6hf6hf-6hf- -7.91932904434 0.0133335780907 3.8428
6hf6hf6hf6hf -7.99579303298 0.0348305713389 3.8082
6hf6hf6hf6hf- -7.99089498388 0.0998657787607 3.8437
6hh -8.0679032002 2.04547972464 4.8085
6hh6hh -7.70272642882 1.14396657741 4.2290
6hh6hh6hh -7.51034194494 0.679740368785 3.9016
6hh6hh6hh6hh -7.40802714164 0.425313929708 3.7330
6hi6hi -8.17185068654 1.21716519999 4.6164
6hi6hi- -8.45566542019 1.49608188454 4.9822
6hi6hi-4hi6hi -8.00667758652 0.985324209516 4.4874
6hi6hi-6hi -8.35335061688 1.18913747462 4.8170
6hi6hi-6hi-6hi -8.08640694123 0.805456962211 4.3954
6hi6hi-6hi-6hi- -7.93864912688 0.671576953628 4.2602
6hi6hi-6hi6hi- -8.30001630452 1.04573348168 4.7325
6hi6hi6hi -7.98382002408 0.765184114101 4.3152
6hi6hi6hi-6hi -8.16531995442 0.829675093845 4.4458
6hi6hi6hi-6hi- -8.02708612442 0.756748585105 4.3940
6hi6hi6hi6hi -7.88068887926 0.524363366953 4.1603
6hi6hi6hi6hi- -7.98436425176 0.622596462682 4.2395
6hl6hl -7.74218293542 0.997025104575 4.1963
6hl6hl- -8.04640620696 1.3194800033 4.6383
6hl6hl6hl -7.45591917723 0.51157401654 3.8176
6hl6hl6hl6hl -7.2885691665 0.23646692573 3.6099
6hl6hl6hl6hl- -7.46707584461 0.357013356223 3.7288
6ia6ia -9.31364035325 1.08491787444 4.6205
6ia6ia- -9.2872453109 1.05144787229 4.6593
6ia6ia-4ia6ia -8.75036470738 0.537152717367 4.6511
6ia6ia-6ia -8.97649130724 0.578514020832 4.6461
6ia6ia-6ia-6ia -8.8344478835 0.344496119648 4.6469
6ia6ia-6ia-6ia- -8.85023048614 0.349394168743 4.6340
6ia6ia-6ia6ia- -8.81784893934 0.330890427719 4.6462
6ia6ia6ia -9.01758049687 0.625589714907 4.6091
6ia6ia6ia-6ia -8.81975373621 0.3385096152 4.6086
6ia6ia6ia-6ia- -8.83553633885 0.342047095101 4.6101
6ia6ia6ia6ia -8.8570333321 0.373612300377 4.6041
6ia6ia6ia6ia- -8.8379853634 0.360822949964 4.6050
6id6id -10.2105275652 -0.0231296762797 4.6676
6id6id- -10.2644061053 0.036735368209 4.6956
6id6id-4id6id -10.0058979586 -0.483274177327 4.6690
6id6id-6id -10.172159514 -0.305855954569 4.6834
6id6id-6id-6id -10.0491640589 -0.653073212604 4.6504
6id6id-6id-6id- -10.0107960077 -0.667495246049 4.6493
6id6id-6id6id- -10.1177367463 -0.511846130378 4.6745
6id6id6id -10.0853551995 -0.446266695279 4.6643
6id6id6id-6id -10.0965118669 -0.624773373391 4.6611
6id6id6id-6id- -10.0159661706 -0.669400042919 4.6515
6id6id6id6id -10.0088912108 -0.706135411128 4.6609
6id6id6id6id- -10.0483477174 -0.68463841788 4.6619
6ie6ie -9.18601896295 0.723550696797 4.2176
6ie6ie- -9.25840124401 0.813892491207 4.2297
6ie6ie-4ie6ie -8.9487356957 0.462049297917 4.2173
6ie6ie-6ie -9.16724310809 0.629127194808 4.2313
6ie6ie-6ie-6ie -9.03254675799 0.322454898723 4.2206
6ie6ie-6ie-6ie- -8.94002805287 0.271569610908 4.2197
6ie6ie-6ie6ie- -9.11118765734 0.517560520989 4.2311
6ie6ie6ie -9.02411122899 0.386945878468 4.2160
6ie6ie6ie-6ie -9.09676562389 0.340686525908 4.2163
6ie6ie6ie-6ie- -8.97404228269 0.28272627829 4.2160
6ie6ie6ie6ie -8.92125219801 0.180955702659 4.2154
6ie6ie6ie6ie- -9.01458724464 0.223405461478 4.2159
6if6if -9.14629034252 0.995936649221 4.6557
6if6if- -9.24016961683 1.05226421381 4.6658
6if6if-4if6if -8.7068264932 0.534975806658 4.5508
6if6if-6if -9.04914570214 0.714298826285 4.5947
6if6if-6if-6if -8.76342617163 0.339598070554 4.5269
6if6if-6if-6if- -8.66111136832 0.2538822114 4.5193
6if6if-6if6if- -8.998804642 0.535520034335 4.5891
6if6if6if -9.04642456376 0.540690197268 4.5780
6if6if6if-6if -9.04152651466 0.388850675338 4.5902
6if6if6if-6if- -8.9310482962 0.2538822114 4.5386
6if6if6if6if -8.99798830049 0.296331970219 4.5509
6if6if6if6if- -9.05486009275 0.292794490317 4.5696
6ih6ih -8.48069989334 1.36329033131 4.5984
6ih6ih- -8.5220611968 1.50506164121 4.6301
6ih6ih-4ih6ih -8.22491288507 1.12138112881 4.5890
6ih6ih-6ih -8.44369241129 1.22859398121 4.6222
6ih6ih-6ih-6ih -8.35117370617 0.937976401602 4.5855
6ih6ih-6ih-6ih- -8.31008451654 0.88654688611 4.5699
6ih6ih-6ih6ih- -8.40042631095 1.09144860656 4.6185
6ih6ih6ih -8.35607175527 0.996480876898 4.5861
6ih6ih6ih-6ih -8.37131013023 0.95375900424 4.5867
6ih6ih6ih-6ih- -8.33484687586 0.906139082488 4.5843
6ih6ih6ih6ih -8.27743085591 0.792667611798 4.5428
6ih6ih6ih6ih- -8.3147104518 0.834845256779 4.5714
6ii -9.61976842165 1.87976239694 4.7122
6ii6ii -9.30384425506 1.40628431781 4.6351
6ii6ii6ii6ii -9.00778439868 0.862872982153 4.6307
6il6il- -8.90111577395 1.37961716163 4.5945
6il6il6il6il -8.34518720172 0.582051500733 4.5310
6la6la6la6la -8.12477499247 -0.0617698413588 4.0503
6ld6ld -9.79827509977 0.201636354391 4.7993
6ld6ld6ld -9.31227978405 -0.904506399456 4.2709
6ld6ld6ld6ld -9.19935254104 -1.2193421107 4.0265
6le6le -8.8415228433 0.890084366011 4.2610
6le6le6le -8.68614584147 0.552118978489 4.2573
6le6le6le6le -8.59199445332 0.368442137444 4.2565
6lf6lf -8.74056860919 0.958112825657 4.8384
6lf6lf6lf -8.61240299121 0.565724670418 4.5946
6lf6lf6lf6lf -8.53866014096 0.34612880268 4.4592
6lh6lh -8.20069475343 1.30097626227 4.6607
6lh6lh6lh -8.05456962211 0.965187785461 4.4274
6lh6lh6lh6lh -7.97429603973 0.791851270282 4.3036
6li6li -8.94764724035 1.47240798058 5.2425
6li6li6li -8.7449224306 1.13553104841 5.0486
6li6li6li6li -8.66247193751 1.00110681215 4.9539
6ll -8.8189373947 1.80656377437 5.1984
6ll6ll -8.17457182493 0.789402245735 4.4846
6ll6ll6ll -7.8295314776 0.28463107516 4.0113
6ll6ll6ll6ll -7.63007203392 0.0155104887993 3.7459
