11 -7.2872085973 -1.13716373145 4.0840
1111 -7.24503095232 -3.10536312593 2.4790
1111- -7.30788924904 -3.07434214833 2.5682
1111-11- -7.10570866697 -3.87354049226 1.7406
1111-11-11 -7.09482411342 -3.60714104428 2.0930
1111-11-11- -7.16312468691 -4.09721806757 1.7035
1111-1111 -7.05944931441 -4.05803367482 1.6164
1111-1111- -7.09482411342 -3.60714104428 2.0930
111111 -7.176458265 -3.99571960578 1.6903
111111- -7.10570866697 -3.87381260609 1.7405
111111-11 -7.05944931441 -4.05803367482 1.6165
111111-11- -7.04448305329 -4.34783491291 1.3098
11111111 -7.28094997902 -4.25477198011 1.6278
11111111- -7.16339680075 -4.09749018141 1.7037
12aa -6.13779974312 0.571983288705 6.5761
12aa12aa -5.28417863148 -0.530349871402 4.6506
12aa12aa- -5.29642375422 -0.5268123915 4.6570
12aa12aa-12aa -4.95519300063 -0.970085834555 3.8117
12aa12aa-12aa-12aa -4.75518932927 -1.19757300361 3.3284
12aa12aa-12aa-12aa- -4.72634526238 -1.17063373359 3.3327
12aa12aa-12aa12aa -4.75627778463 -1.18886536078 3.3514
12aa12aa-12aa12aa- -4.78049591626 -1.20872967099 3.3497
12aa12aa12aa -4.90947787575 -0.938248515441 3.8194
12aa12aa12aa-12aa -4.75627778463 -1.18886536078 3.3514
12aa12aa12aa-12aa- -4.73205965299 -1.16900105056 3.3532
12aa12aa12aa12aa -4.70022233388 -1.14587137428 3.3383
12aa12aa12aa12aa- -4.72634526238 -1.17063373359 3.3327
12ae -6.15331023192 -0.170887490631 5.7923
12ae12ae -5.50350238538 -1.14587137428 4.1700
12ae12ae- -5.49452262871 -1.13144934084 4.1879
12ae12ae-12ae -5.20363293526 -1.52057213001 3.4358
12ae12ae-12ae-12ae -5.04580690888 -1.73282092411 3.0137
12ae12ae-12ae-12ae- -5.02730316786 -1.70969124783 3.0213
12ae12ae-12ae12ae -5.0311127616 -1.71105181702 3.0471
12ae12ae-12ae12ae- -5.05206552717 -1.73173246875 3.0392
12ae12ae12ae -5.19274838172 -1.51757887779 3.4762
12ae12ae12ae-12ae -5.04798381959 -1.73554206249 3.0545
12ae12ae12ae-12ae- -5.02567048482 -1.71322872773 3.0636
12ae12ae12ae12ae -5.02158877725 -1.71567775228 3.0613
12ae12ae12ae12ae- -5.0346502415 -1.73363726562 3.0500
12af -5.75602402759 0.65388955412 6.0821
12af12af -5.05097707181 -0.452253199728 4.4672
12af12af- -5.02294934644 -0.522458570083 4.3717
12af12af-12af -4.63709192333 -0.903417944102 3.5593
12af12af-12af-12af -4.35436564504 -1.09280917576 3.0432
12af12af-12af-12af- -4.33667824553 -1.08219673605 3.0460
12af12af-12af12af -4.45668044834 -1.12029267345 3.1316
12af12af-12af12af- -4.47355150634 -1.18396731168 3.0904
12af12af12af -4.72661737622 -0.898247781169 3.6711
12af12af12af-12af -4.49477638575 -1.1763481242 3.1183
12af12af12af-12af- -4.47436784785 -1.17199430279 3.1119
12af12af12af12af -4.54457321821 -1.13417047922 3.1983
12af12af12af12af- -4.56552598378 -1.20682487412 3.1506
12ai -5.96718436633 0.71729207851 6.5006
12ai12ai -5.15982260725 -0.325720264786 4.6577
12ai12ai- -5.1002296766 -0.348849941066 4.5981
12ai12ai-12ai -4.75165184937 -0.773891756935 3.7609
12ai12ai-12ai-12ai -4.5614442762 -0.995664535382 3.2935
12ai12ai-12ai-12ai- -4.5374982584 -0.967636810008 3.3099
12ai12ai-12ai12ai -4.55572988559 -0.977705022036 3.3266
12ai12ai-12ai12ai- -4.57178460207 -1.00056258448 3.3117
12ai12ai12ai -4.78757087606 -0.720829558411 3.8488
12ai12ai12ai-12ai -4.56743078065 -0.98069827426 3.3303
12ai12ai12ai-12ai- -4.50402825626 -0.987229006386 3.2879
12ai12ai12ai12ai -4.56933557752 -0.92110534361 3.3784
12ai12ai12ai12ai- -4.55572988559 -0.962194533236 3.3282
12al -5.55846938077 0.598650444887 5.8529
12al12al -4.72825005925 -0.335516362975 4.2696
12al12al- -4.80036022648 -0.298236767089 4.3487
12al12al-12al -4.45450353764 -0.71348248477 3.5156
12al12al-12al-12al -4.22783271009 -0.967908923847 3.0441
12al12al-12al-12al- -4.30184767419 -0.832124118393 3.1605
12al12al-12al12al -4.19844441553 -0.923282254319 3.0434
12al12al-12al12al- -4.24415954041 -0.933078352508 3.0634
12al12al12al -4.30021499116 -0.701509475872 3.4615
12al12al12al-12al -4.18919254501 -0.922738026641 3.0436
12al12al12al-12al- -4.17939644683 -0.863145095991 3.0961
12al12al12al12al -4.04007416147 -0.881376723177 2.9750
12al12al12al12al- -4.08197969261 -0.892805504397 2.9930
12ea -6.15331023192 -0.170887490631 5.7922
12ea12ea -5.50350238538 -1.14587137428 4.1699
12ea12ea- -5.49425051487 -1.13172145467 4.1878
12ea12ea-12ea -5.2039050491 -1.52057213001 3.4358
12ea12ea-12ea-12ea -5.04580690888 -1.73282092411 3.0137
12ea12ea-12ea-12ea- -5.0346502415 -1.73363726562 3.0499
12ea12ea-12ea12ea -5.04798381959 -1.73554206249 3.0545
12ea12ea-12ea12ea- -5.05179341333 -1.73173246875 3.0391
12ea12ea12ea -5.19274838172 -1.51757887779 3.4762
12ea12ea12ea-12ea -5.0311127616 -1.71105181702 3.0471
12ea12ea12ea-12ea- -5.02567048482 -1.71322872773 3.0636
12ea12ea12ea12ea -5.02186089108 -1.71567775228 3.0613
12ea12ea12ea12ea- -5.02730316786 -1.70941913399 3.0213
12ee -6.28882292354 -0.397558318173 5.2676
12ee12ee -5.77126240255 -1.36002496525 4.0693
12ee12ee- -5.60146336727 -1.554314246 3.8504
12ee12ee-12ee -5.36418010002 -1.81826466942 3.2371
12ee12ee-12ee-12ee- -5.35329554648 -1.88520467372 3.0843
12ee12ee-12ee12ee -5.26975659804 -1.9619407762 2.9711
12ee12ee-12ee12ee- -5.23138854679 -1.97799549267 2.9117
12ee12ee12ee -5.56717702361 -1.64792140647 3.5493
12ee12ee12ee-12ee -5.26975659804 -1.9619407762 2.9711
12ee12ee12ee-12ee- -5.31247847069 -1.94234857982 3.0408
12ee12ee12ee12ee -5.46186896808 -1.79241385476 3.2581
12ee12ee12ee12ee- -5.35329554648 -1.88520467372 3.0843
12ef -5.99929379928 -0.133880008584 5.3435
12ef12ef -5.24989228782 -1.0655977919 3.9313
12ef12ef- -5.31519960908 -1.17525966885 3.9517
12ef12ef-12ef -4.90240291595 -1.43921009228 3.1729
12ef12ef-12ef-12ef -4.66076582728 -1.65853384618 2.6775
12ef12ef-12ef-12ef- -4.72117509945 -1.69771823893 2.7487
12ef12ef-12ef12ef -4.73178753915 -1.62424750251 2.8280
12ef12ef-12ef12ef- -4.78675453455 -1.71050758934 2.7962
12ef12ef12ef -4.94866226851 -1.42914188025 3.2804
12ef12ef12ef-12ef -4.76008737837 -1.66452035062 2.8134
12ef12ef12ef-12ef- -4.81559860144 -1.74044011159 2.8286
12ef12ef12ef12ef -4.78702664839 -1.63132246232 2.8826
12ef12ef12ef12ef- -4.84335421297 -1.72465750895 2.8314
12ei -6.04990697326 -0.102042689469 5.7002
12ei12ei -5.50731197912 -0.843552899613 4.3406
12ei12ei- -5.3026823725 -0.960017622528 4.1480
12ei12ei-12ei -5.00308503622 -1.32546650775 3.3977
12ei12ei-12ei-12ei -4.92335568152 -1.44002643379 3.1107
12ei12ei-12ei-12ei- -5.01641861431 -1.3660114697 3.2820
12ei12ei-12ei12ei -4.9105663311 -1.46587724846 3.1303
12ei12ei-12ei12ei- -4.85859258793 -1.50206838899 3.0361
12ei12ei12ei -5.276559444 -1.13444259306 3.7720
12ei12ei12ei-12ei -4.89396738695 -1.47431277745 3.0998
12ei12ei12ei-12ei- -4.9775063354 -1.40655643165 3.2411
12ei12ei12ei12ei -5.15601301351 -1.2764860168 3.4605
12ei12ei12ei12ei- -5.02213300492 -1.35648748535 3.2711
12el -5.79792955873 -0.190751800848 5.0392
12el12el -5.41560961552 -0.961650305559 4.1518
12el12el- -5.01369747593 -0.850355745578 3.9310
12el12el-12el -5.02539837099 -1.40900545619 3.3420
12el12el-12el-12el -4.8760078736 -1.58070928834 2.9403
12el12el-12el-12el- -4.89315104543 -1.11430616901 3.3570
12el12el-12el12el -4.93614503193 -1.545878717 3.0646
12el12el-12el12el- -4.83410234246 -1.59513132178 2.9296
12el12el12el -5.0988691074 -1.2539005682 3.5257
12el12el12el-12el -4.86866079996 -1.55703538438 2.9994
12el12el12el-12el- -4.9260768199 -1.39458342275 3.2009
12el12el12el12el -4.91791340475 -1.40165838255 3.1605
12el12el12el12el- -4.81260534921 -1.44165911682 3.0159
12fa -5.67683890056 0.609262884592 5.9674
12fa12fa -4.83627925317 -0.344496119648 4.3712
12fa12fa- -5.02294934644 -0.522458570083 4.3717
12fa12fa-12fa -4.55491354407 -0.820967451011 3.5757
12fa12fa-12fa-12fa -4.42892483681 -1.07648234544 3.1393
12fa12fa-12fa-12fa- -4.56552598378 -1.20682487412 3.1506
12fa12fa-12fa12fa -4.28416027468 -0.996752990737 3.0968
12fa12fa-12fa12fa- -4.47355150634 -1.18396731168 3.0904
12fa12fa12fa -4.4112374373 -0.72491126599 3.5456
12fa12fa12fa-12fa -4.33096385492 -1.0345768143 3.1040
12fa12fa12fa-12fa- -4.47436784785 -1.17199430279 3.1119
12fa12fa12fa12fa -4.15599465671 -0.909132334712 3.0543
12fa12fa12fa12fa- -4.33667824553 -1.08219673605 3.0460
12fe -5.9726266431 -0.341774981263 5.0716
12fe12fe -5.15247553361 -1.02995087904 3.8840
12fe12fe- -5.31519960908 -1.17525966885 3.9518
12fe12fe-12fe -4.86267429551 -1.39376708123 3.2384
12fe12fe-12fe-12fe -4.75791046766 -1.59404286643 2.8517
12fe12fe-12fe-12fe- -4.84335421297 -1.72465750895 2.8314
12fe12fe-12fe12fe -4.61668338543 -1.55322579064 2.8015
12fe12fe-12fe12fe- -4.78675453455 -1.71050758934 2.7962
12fe12fe12fe -4.77695843636 -1.37063740495 3.1728
12fe12fe12fe-12fe -4.69559639862 -1.61934945342 2.8313
12fe12fe12fe-12fe- -4.81559860144 -1.74044011159 2.8287
12fe12fe12fe12fe -4.56117216236 -1.55240944913 2.7410
12fe12fe12fe12fe- -4.72117509945 -1.69744612509 2.7488
12ff -5.6580630457 0.816069401916 5.7222
12ff12ff -4.77886323323 -0.237555381085 4.4407
12ff12ff- -4.96743812337 -0.437559052445 4.4490
12ff12ff-12ff -4.41940085246 -0.659059717053 3.6030
12ff12ff-12ff-12ff -4.19790018785 -0.908860220874 3.0914
12ff12ff-12ff-12ff- -4.35735889726 -1.09389763111 3.0934
12ff12ff-12ff12ff -4.16198116116 -0.841648102743 3.1449
12ff12ff-12ff12ff- -4.3682434508 -1.0606997428 3.1302
12ff12ff12ff -4.38266548425 -0.661780855439 3.6014
12ff12ff12ff-12ff -4.25613254931 -0.944779247567 3.1368
12ff12ff12ff-12ff- -4.41368646185 -1.14151755286 3.1199
12ff12ff12ff12ff -4.15517831519 -0.878111357114 3.1096
12ff12ff12ff12ff- -4.35735889726 -1.09389763111 3.0934
12fi -5.5889461307 0.774163870774 6.0282
12fi12fi -4.84906860358 -0.0917023636031 4.5262
12fi12fi- -4.86866079996 -0.335516362975 4.3889
12fi12fi-12fi -4.39273369628 -0.623684918037 3.5781
12fi12fi-12fi-12fi -4.38701930567 -0.786953221188 3.2895
12fi12fi-12fi-12fi- -4.6877050973 -0.873485421858 3.4722
12fi12fi-12fi12fi -4.16687921025 -0.765728341778 3.1629
12fi12fi-12fi12fi- -4.29341214519 -0.99022225861 3.0771
12fi12fi12fi -4.45831313138 -0.441640760023 3.7585
12fi12fi12fi-12fi -4.22021352261 -0.813076149692 3.1703
12fi12fi12fi-12fi- -4.47028614027 -0.924098595834 3.2827
12fi12fi12fi12fi -4.27245937962 -0.583956297603 3.3533
12fi12fi12fi12fi- -4.292051576 -0.839471192034 3.1735
12fl -5.56554434058 0.755932243589 5.9313
12fl12fl -4.54185207982 -0.105308055532 4.3423
12fl12fl- -4.69940599236 -0.240820747148 4.3517
12fl12fl-12fl -4.23137019 -0.513206699571 3.5388
12fl12fl-12fl-12fl -4.25123450021 -0.906955424004 3.1100
12fl12fl-12fl-12fl- -4.37858377667 -1.05743437674 3.1064
12fl12fl-12fl12fl -3.94864391171 -0.678924027269 3.0615
12fl12fl-12fl12fl- -4.1263342483 -0.826137613944 3.0875
12fl12fl12fl -4.07490473281 -0.414973603842 3.5299
12fl12fl12fl-12fl -3.96741976657 -0.696339312939 3.0707
12fl12fl12fl-12fl- -4.43817670732 -1.09716299717 3.1332
12fl12fl12fl12fl -3.79299479604 -0.552118978489 3.0490
12fl12fl12fl12fl- -3.93966415503 -0.708584435675 3.0200
12ia -5.96718436633 0.71729207851 6.5006
12ia12ia -5.15982260725 -0.325720264786 4.6577
12ia12ia- -5.1002296766 -0.348849941066 4.5981
12ia12ia-12ia -4.75165184937 -0.773891756935 3.7609
12ia12ia-12ia-12ia -4.5614442762 -0.995664535382 3.2935
12ia12ia-12ia-12ia- -4.55572988559 -0.962194533236 3.3284
12ia12ia-12ia12ia -4.56743078065 -0.98069827426 3.3302
12ia12ia-12ia12ia- -4.57178460207 -1.00056258448 3.3117
12ia12ia12ia -4.78757087606 -0.720829558411 3.8488
12ia12ia12ia-12ia -4.55572988559 -0.977705022036 3.3265
12ia12ia12ia-12ia- -4.50402825626 -0.987229006386 3.2879
12ia12ia12ia12ia -4.56960769136 -0.92110534361 3.3785
12ia12ia12ia12ia- -4.53777037224 -0.967364696169 3.3101
12ie -6.04990697326 -0.102042689469 5.7002
12ie12ie -5.50731197912 -0.843552899613 4.3406
12ie12ie- -5.3026823725 -0.960017622528 4.1481
12ie12ie-12ie -5.00308503622 -1.32546650775 3.3977
12ie12ie-12ie-12ie -4.92444413687 -1.43839375076 3.1129
12ie12ie-12ie-12ie- -5.02240511876 -1.35648748535 3.2712
12ie12ie-12ie12ie -4.89396738695 -1.47431277745 3.0998
12ie12ie-12ie12ie- -4.85859258793 -1.50234050283 3.0361
12ie12ie12ie -5.276559444 -1.13444259306 3.7720
12ie12ie12ie-12ie -4.9105663311 -1.46587724846 3.1303
12ie12ie12ie-12ie- -4.9775063354 -1.40628431781 3.2411
12ie12ie12ie12ie -5.15601301351 -1.2764860168 3.4606
12ie12ie12ie12ie- -5.01641861431 -1.3660114697 3.2820
12if -5.65343711044 0.837294281326 6.0928
12if12if -5.13261122339 -0.114559926044 4.6850
12if12if- -4.86866079996 -0.335516362975 4.3889
12if12if-12if -4.45994581441 -0.685182645557 3.5578
12if12if-12if-12if -4.22102986413 -0.856886477704 3.0767
12if12if-12if-12if- -4.292051576 -0.839471192034 3.1735
12if12if-12if12if -4.36688288161 -0.853348997802 3.2526
12if12if-12if12if- -4.29341214519 -0.99022225861 3.0771
12if12if12if -4.93206332435 -0.491981820162 4.0482
12if12if12if-12if -4.41776816943 -0.923554368157 3.2303
12if12if12if-12if- -4.47028614027 -0.924098595834 3.2827
12if12if12if12if -4.84117730226 -0.670760612112 3.7215
12if12if12if12if- -4.6877050973 -0.873485421858 3.4722
12ii -5.82187557652 0.85579802235 6.5353
12ii12ii -5.24064041731 0.0253065869884 4.9009
12ii12ii- -4.92988641364 -0.181499930336 4.5688
12ii12ii-12ii -4.61477858856 -0.55375166152 3.7899
12ii12ii-12ii-12ii -4.55110395033 -0.668855815242 3.4951
12ii12ii-12ii-12ii- -4.67464363305 -0.539873855752 3.7292
12ii12ii-12ii12ii -4.53123964012 -0.681373051817 3.5171
12ii12ii-12ii12ii- -4.4493333747 -0.75566012975 3.3756
12ii12ii12ii -4.95056706538 -0.314291483566 4.2369
12ii12ii12ii-12ii -4.53123964012 -0.681373051817 3.5171
12ii12ii12ii-12ii- -4.6044382627 -0.616609958233 3.6376
12ii12ii12ii12ii -4.8414494161 -0.430211978803 3.9473
12ii12ii12ii12ii- -4.67464363305 -0.539873855752 3.7292
12il -5.907047208 0.693890288392 6.4149
12il12il -5.19302049555 -0.277828229195 4.6427
12il12il- -4.95111129305 -0.287896441223 4.4834
12il12il-12il -4.66076582728 -0.803280051503 3.6350
12il12il-12il-12il -4.51681760667 -0.955935914949 3.2430
12il12il-12il-12il- -4.49205524736 -0.760286065006 3.3866
12il12il-12il12il -4.5198108589 -0.948316727468 3.2945
12il12il-12il12il- -4.46375540815 -0.889540138334 3.2889
12il12il12il-12il -4.52525313567 -0.829947207684 3.3844
12il12il12il-12il- -4.48579662907 -0.92301014048 3.2863
12il12il12il12il -4.69831753701 -0.760013951168 3.5574
12il12il12il12il- -4.58919988773 -0.824232817074 3.4192
12la -5.73343857898 0.700965248195 6.0605
12la12la -4.94784592699 -0.333611566105 4.3856
12la12la- -4.80036022648 -0.298236767089 4.3487
12la12la-12la -4.49776963797 -0.788585904219 3.5022
12la12la-12la-12la -4.22429523019 -0.993759738512 3.0063
12la12la-12la-12la- -4.08197969261 -0.892805504397 2.9930
12la12la-12la12la -4.32443312279 -0.979065591229 3.0917
12la12la-12la12la- -4.24415954041 -0.933078352508 3.0634
12la12la12la -4.58457395248 -0.691985491521 3.6406
12la12la12la-12la -4.31082743086 -0.95566380111 3.1083
12la12la12la-12la- -4.17939644683 -0.863145095991 3.0961
12la12la12la12la -4.06755765917 -0.871308511149 3.0098
12la12la12la12la- -4.07136725291 -0.866410462054 3.0033
12le -5.97561989532 -0.105580169371 5.2975
12le12le -5.54295889197 -0.734435250341 4.2982
12le12le- -5.01369747593 -0.850355745578 3.9311
12le12le-12le -5.01260902057 -1.25662170659 3.4207
12le12le-12le-12le- -4.81287746305 -1.44165911682 3.0159
12le12le-12le12le -5.00118023935 -1.38288252769 3.2277
12le12le-12le12le- -4.83410234246 -1.59513132178 2.9296
12le12le12le -5.39765010217 -0.979881932744 3.8879
12le12le12le-12le -4.94077096719 -1.36709992505 3.2101
12le12le12le-12le- -4.9260768199 -1.39458342275 3.2007
12le12le12le12le -5.31737651979 -1.11648307971 3.6536
12le12le12le12le- -4.78267282697 -1.2419275593 3.1979
12lf -5.6686754854 0.89416607359 6.0465
12lf12lf -5.38785400398 0.0568717922642 4.9175
12lf12lf- -4.69940599236 -0.240820747148 4.3517
12lf12lf-12lf -4.3491954821 -0.622324348844 3.5488
12lf12lf-12lf-12lf -4.25096238637 -0.885458430755 3.0988
12lf12lf-12lf-12lf- -3.93966415503 -0.708584435675 3.0200
12lf12lf-12lf12lf -4.22783271009 -0.856614363865 3.1449
12lf12lf-12lf12lf- -4.1263342483 -0.826137613944 3.0874
12lf12lf12lf -4.46021792825 -0.663141424631 3.6231
12lf12lf12lf-12lf -4.30184767419 -0.947228272114 3.1266
12lf12lf12lf-12lf- -4.59518639218 -1.09961202172 3.2431
12lf12lf12lf12lf -4.25858157385 -0.889812252173 3.1499
12lf12lf12lf12lf- -4.37858377667 -1.05770649058 3.1062
12li -5.6411919877 0.878111357114 6.1575
12li12li -5.06022894233 0.0312930914373 4.7273
12li12li- -4.95111129305 -0.287896441223 4.4834
12li12li-12li -4.59300948147 -0.752122649849 3.6167
12li12li-12li-12li -4.46919768492 -0.918384205224 3.2359
12li12li-12li-12li- -4.54130785214 -0.822872247881 3.3850
12li12li-12li12li -4.42212199084 -0.97688868052 3.1840
12li12li-12li12li- -4.46375540815 -0.889540138334 3.2889
12li12li12li -4.59300948147 -0.752122649849 3.6167
12li12li12li-12li -4.42212199084 -0.97688868052 3.1840
12li12li12li-12li- -4.48579662907 -0.92301014048 3.2863
12li12li12li12li -4.42212199084 -0.97688868052 3.1841
12li12li12li12li- -4.46076215592 -0.919744774417 3.2299
12ll -5.49506685638 0.858791274574 6.0448
12ll12ll -5.1834965112 0.0103403258662 4.7388
12ll12ll- -4.41776816943 0.0397286204334 4.3238
12ll12ll-12ll -4.85206185581 -0.469396371559 4.0202
12ll12ll-12ll-12ll -4.5840297248 -0.820967451011 3.4152
12ll12ll-12ll-12ll- -4.61396224705 -0.548581498587 3.6405
12ll12ll-12ll12ll -4.78947567293 -0.597017761855 3.7508
12ll12ll-12ll12ll- -4.52443679415 -0.64409345593 3.4900
12ll12ll12ll -4.98213227065 -0.268032131006 4.2012
12ll12ll12ll-12ll -4.67954168214 -0.604364835497 3.6912
12ll12ll12ll-12ll- -4.52062720041 -0.522730683922 3.6343
12ll12ll12ll12ll -4.86675600309 -0.402728481106 3.9248
12ll12ll12ll12ll- -4.59845175825 -0.471301168429 3.6940
2 -7.30054217539 0.507220195122 8.3498
22 -6.28147584989 -0.582051500733 6.1030
22- -6.22950210672 -0.80191948231 5.5528
22-2 -5.69153304784 -1.40465163478 4.3888
22-2- -5.72337036696 -1.27975138286 4.6471
22-2-2 -5.38921457317 -1.65091465869 3.9210
22-2-2- -5.40935099723 -1.58016506066 4.0537
22-22 -5.39111937004 -1.67894238407 3.8474
22-22- -5.36907814912 -1.75159677897 3.7177
222 -5.75275866152 -1.15267422025 4.9512
222- -5.72337036696 -1.27975138286 4.6471
222-2 -5.39111937004 -1.67894238407 3.8474
222-2- -5.41506538784 -1.59431498027 4.0072
2222 -5.43084799048 -1.49717033989 4.2351
2222- -5.40935099723 -1.58016506066 4.0537
4aa -6.73726652952 0.105308055532 5.5839
4aa4aa -6.08718656914 -0.634297357741 5.0840
4aa4aa- -6.08718656914 -0.634025243903 5.0843
4aa4aa-4aa -5.81833809662 -0.964915671622 4.4755
4aa4aa-4aa-4aa -5.68037638046 -1.12246958416 4.1532
4aa4aa-4aa-4aa- -5.68037638046 -1.12246958416 4.1534
4aa4aa-4aa4aa -5.68881190946 -1.13417047922 4.1480
4aa4aa-4aa4aa- -5.68935613713 -1.13335413771 4.1491
4aa4aa4aa -5.8118073645 -0.946411930598 4.4893
4aa4aa4aa-4aa -5.68037638046 -1.12246958416 4.1532
4aa4aa4aa-4aa- -5.68010426662 -1.12246958416 4.1532
4aa4aa4aa4aa -5.66813125772 -1.11648307971 4.1508
4aa4aa4aa4aa- -5.68935613713 -1.13335413771 4.1491
4ae -6.32446983639 -0.742598665498 5.1183
4ae4ae -6.15793616718 -1.05961128745 4.5834
4ae4ae- -6.12881998645 -1.05035941694 4.5365
4ae4ae-4ae -5.97507566765 -1.26369666639 4.2517
4ae4ae-4ae-4ae -5.89398574375 -1.39077382901 4.0530
4ae4ae-4ae-4ae- -5.8999722482 -1.3836988692 4.0646
4ae4ae-4ae4ae -5.89371362991 -1.38478732456 4.0480
4ae4ae-4ae4ae- -5.88745501162 -1.38533155224 4.0420
4ae4ae4ae -5.99738900241 -1.26723414629 4.2990
4ae4ae4ae-4ae -5.8915367192 -1.38778057678 4.0536
4ae4ae4ae-4ae- -5.89888379284 -1.38778057678 4.0601
4ae4ae4ae4ae -5.90296550042 -1.3836988692 4.0781
4ae4ae4ae4ae- -5.89806745133 -1.38750846294 4.0701
4af -5.96936127704 0.0506131739768 5.2504
4af4af -5.67738312824 -0.546948815556 4.6026
4af4af- -5.65234865509 -0.496335641579 4.6077
4af4af-4af -5.52418303711 -0.823688589397 4.1803
4af4af-4af-4af -5.45152864221 -1.02478071611 3.9207
4af4af-4af-4af- -5.4077183142 -0.999474129122 3.9063
4af4af-4af4af -5.48935246577 -1.03620949733 3.9528
4af4af-4af4af- -5.44418156857 -0.986140551032 3.9567
4af4af4af -5.45996417121 -0.832124118393 4.1863
4af4af4af-4af -5.35465611567 -0.93062932796 3.9487
4af4af4af-4af- -5.31139001534 -0.894982415106 3.9393
4af4af4af4af -5.32635627646 -0.983691526484 3.9165
4af4af4af4af- -5.29506318502 -0.933894694023 3.9280
4ai -6.42760098121 0.1537443188 5.4741
4ai4ai -6.07602990176 -0.400279456558 5.0891
4ai4ai- -6.07711835712 -0.394837179787 5.0930
4ai4ai-4ai -5.86949549828 -0.63837906532 4.7506
4ai4ai-4ai-4ai -5.76282687355 -0.765728341778 4.5066
4ai4ai-4ai-4ai- -5.75439134456 -0.772531187743 4.4935
4ai4ai-4ai4ai -5.76228264587 -0.768449480164 4.4999
4ai4ai-4ai4ai- -5.76064996284 -0.772531187743 4.4954
4ai4ai4ai -5.86568590454 -0.638923292997 4.7494
4ai4ai4ai-4ai -5.7582009383 -0.774163870774 4.4956
4ai4ai4ai-4ai- -5.75983362133 -0.767361024809 4.5032
4ai4ai4ai4ai -5.75847305213 -0.763823544908 4.5071
4ai4ai4ai4ai- -5.75384711688 -0.772531187743 4.4962
4al -5.87221663666 0.116464722914 5.2231
4ea -6.32446983639 -0.742870779337 5.1182
4ea4ea -6.15793616718 -1.05961128745 4.5834
4ea4ea- -6.12881998645 -1.05035941694 4.5366
4ea4ea-4ea -5.97507566765 -1.26369666639 4.2516
4ea4ea-4ea-4ea -5.89235306072 -1.38968537365 4.0533
4ea4ea-4ea-4ea- -5.90160493123 -1.38886903214 4.0691
4ea4ea-4ea4ea -5.89344151607 -1.38968537365 4.0492
4ea4ea-4ea4ea- -5.88718289778 -1.38533155224 4.0419
4ea4ea4ea -5.99738900241 -1.26723414629 4.2989
4ea4ea4ea-4ea -5.88990403617 -1.37988927546 4.0524
4ea4ea4ea-4ea- -5.89452997143 -1.38750846294 4.0554
4ea4ea4ea4ea -5.90269338658 -1.3836988692 4.0778
4ea4ea4ea4ea- -5.89452997143 -1.38315464153 4.0640
4ee -6.17018128991 -1.32682707694 4.8250
4ee4ee -6.09671055349 -1.52819131749 4.1296
4ee4ee4ee -6.02677729698 -1.64030221899 3.9707
4ee4ee4ee4ee -5.97806891987 -1.70642588177 3.8594
4ef -5.81969866582 -0.422592791322 4.8860
4ef4ef -5.67085239611 -0.812259808176 4.3371
4ef4ef- -5.68173694965 -0.650079960379 4.4271
4ef4ef-4ef -5.6425525569 -1.0606997428 4.0087
4ef4ef-4ef-4ef -5.5269041755 -1.31539829572 3.7183
4ef4ef-4ef-4ef- -5.48010059526 -1.24002276243 3.7442
4ef4ef-4ef4ef- -5.56255108835 -1.06532567806 3.9313
4ef4ef4ef -5.56445588522 -1.03675372501 4.0412
4ef4ef4ef-4ef -5.52744840318 -1.02559705763 3.9551
4ef4ef4ef-4ef- -5.47030449707 -1.0155288456 3.9146
4ef4ef4ef4ef -5.49261783184 -1.15811649702 3.8647
4ef4ef4ef4ef- -5.47765157071 -1.05906705977 3.9319
4ei -6.11548640836 -0.637834837643 5.0460
4ei4ei -6.03439648446 -0.831307776877 4.5650
4ei4ei- -6.03439648446 -0.830491435361 4.5657
4ei4ei-4ei -5.99902168544 -0.89607087046 4.5223
4ei4ei-4ei-4ei -5.97126607391 -0.960017622528 4.4830
4ei4ei-4ei-4ei- -5.96990550471 -0.986140551032 4.4720
4ei4ei-4ei4ei -5.97344298462 -0.983419412646 4.4771
4ei4ei-4ei4ei- -5.97643623684 -0.949133068984 4.4965
4ei4ei4ei -5.99385152251 -0.926275506543 4.5039
4ei4ei4ei-4ei -5.97643623684 -0.948588841307 4.4967
4ei4ei4ei-4ei- -5.97044973239 -0.967364696169 4.4813
4ei4ei4ei4ei -5.96990550471 -0.986140551032 4.4720
4ei4ei4ei4ei- -5.96963339088 -0.985596323355 4.4714
4el -5.74350679101 -0.403544822621 4.8787
4fa -5.96936127704 0.0506131739768 5.2504
4fa4fa -5.67738312824 -0.546948815556 4.6027
4fa4fa- -5.81452850288 -0.665590449179 4.5213
4fa4fa-4fa -5.52418303711 -0.823688589397 4.1803
4fa4fa-4fa-4fa -5.45152864221 -1.02478071611 3.9207
4fa4fa-4fa-4fa- -5.64091987387 -1.22043056605 3.9350
4fa4fa-4fa4fa -5.35465611567 -0.93062932796 3.9487
4fa4fa-4fa4fa- -5.57996637402 -1.09689088334 3.9866
4fa4fa4fa -5.45996417121 -0.832124118393 4.1863
4fa4fa4fa-4fa -5.48935246577 -1.03648161117 3.9528
4fa4fa4fa-4fa- -5.69588686926 -1.21362772009 3.9841
4fa4fa4fa4fa -5.32635627646 -0.983419412646 3.9168
4fa4fa4fa4fa- -5.52962531388 -1.14913674034 3.9359
4fe -5.81915443814 -0.422048563645 4.8858
4fe4fe -5.67085239611 -0.812259808176 4.3372
4fe4fe- -5.72037711473 -0.972262745264 4.1063
4fe4fe-4fe -5.65561402115 -1.04627770936 4.0273
4fe4fe-4fe-4fe -5.52908108621 -1.31893577562 3.7154
4fe4fe-4fe-4fe- -5.56091840532 -1.4315909048 3.7105
4fe4fe-4fe4fe -5.53833295672 -1.08927169586 3.9279
4fe4fe-4fe4fe- -5.6567024765 -1.22913820889 3.9417
4fe4fe4fe -5.56418377138 -1.03675372501 4.0412
4fe4fe4fe-4fe -5.63139588951 -1.22750552586 3.8777
4fe4fe4fe-4fe- -5.62731418194 -1.44655716592 3.7174
4fe4fe4fe4fe -5.49261783184 -1.15838861086 3.8647
4fe4fe4fe4fe- -5.65833515953 -1.30641853905 3.8568
4ff -5.40581351733 -0.0402728481106 4.7996
4ff4ff -5.1834965112 -0.506403853607 4.1471
4ff4ff- -5.28254594845 -0.652256871088 4.0594
4ff4ff-4ff -5.16526488402 -0.845457696483 3.7774
4ff4ff-4ff-4ff -5.22458570083 -1.0275018545 3.6663
4ff4ff-4ff-4ff- -5.38785400398 -1.15566747247 3.6885
4ff4ff-4ff4ff -5.0833586186 -0.965187785461 3.6088
4ff4ff-4ff4ff- -5.2194155379 -1.10478218465 3.6000
4ff4ff4ff -5.02485414331 -0.748585169947 3.7938
4ff4ff4ff-4ff -5.08852878154 -0.963827216268 3.6180
4ff4ff4ff-4ff- -5.24526635256 -1.08029193918 3.6615
4ff4ff4ff4ff -4.92009031545 -0.880832495499 3.5740
4ff4ff4ff4ff- -5.08199804941 -0.993759738512 3.6109
4fi -5.74405101869 0.0857158591542 5.1184
4fi4fi -5.56309531603 -0.29605985638 4.6333
4fi4fi- -5.67411776217 -0.496879869256 4.4932
4fi4fi-4fi -5.54459157501 -0.460688728724 4.4537
4fi4fi-4fi-4fi -5.44554213776 -0.68654321475 4.1679
4fi4fi-4fi-4fi- -5.55166653481 -0.888179569141 4.1518
4fi4fi-4fi4fi -5.44064408867 -0.519737431697 4.3488
4fi4fi-4fi4fi- -5.62595361274 -0.68844801162 4.3511
4fi4fi4fi -5.43057587664 -0.521914342406 4.3602
4fi4fi4fi-4fi -5.54568003036 -0.64409345593 4.3055
4fi4fi4fi-4fi- -5.62268824668 -0.862872982153 4.2154
4fi4fi4fi4fi -5.35819359558 -0.616065730556 4.2280
4fi4fi4fi4fi- -5.51084945902 -0.737156388727 4.3044
4fl -5.35710514022 0.0272113838585 4.8050
4ia -6.42760098121 0.1537443188 5.4741
4ia4ia -6.07575778792 -0.400551570397 5.0891
4ia4ia- -6.07711835712 -0.394837179787 5.0930
4ia4ia-4ia -5.86922338444 -0.638923292997 4.7499
4ia4ia-4ia-4ia -5.76282687355 -0.765728341778 4.5065
4ia4ia-4ia-4ia- -5.75357500304 -0.772803301581 4.4957
4ia4ia-4ia4ia -5.75792882446 -0.774435984613 4.4955
4ia4ia-4ia4ia- -5.76064996284 -0.772531187743 4.4955
4ia4ia4ia -5.86568590454 -0.638923292997 4.7494
4ia4ia4ia-4ia -5.76228264587 -0.768449480164 4.4999
4ia4ia4ia-4ia- -5.76010573517 -0.767088910971 4.5036
4ia4ia4ia4ia -5.75847305213 -0.763823544908 4.5071
4ia4ia4ia4ia- -5.75439134456 -0.772531187743 4.4935
4ie -6.11548640836 -0.637834837643 5.0460
4ie4ie -6.03439648446 -0.831035663038 4.5651
4ie4ie- -6.03439648446 -0.830491435361 4.5656
4ie4ie-4ie -5.99793323009 -0.903145830263 4.5193
4ie4ie-4ie-4ie -5.97344298462 -0.979881932744 4.4783
4ie4ie-4ie-4ie- -5.97126607391 -0.960561850205 4.4830
4ie4ie-4ie4ie -5.97099396007 -0.96137819172 4.4821
4ie4ie-4ie4ie- -5.97643623684 -0.94804461363 4.4966
4ie4ie4ie -5.99385152251 -0.927636075736 4.5032
4ie4ie4ie-4ie -5.97643623684 -0.948588841307 4.4967
4ie4ie4ie-4ie- -5.97317087078 -0.985052095677 4.4768
4ie4ie4ie4ie -5.96990550471 -0.986684778709 4.4718
4ie4ie4ie4ie- -5.96963339088 -0.98641266487 4.4712
4if -5.74405101869 0.0857158591542 5.1184
4if4if -5.56309531603 -0.29605985638 4.6334
4if4if- -5.56445588522 -0.202996923584 4.7387
4if4if-4if -5.54459157501 -0.460688728724 4.4537
4if4if-4if-4if -5.44554213776 -0.68654321475 4.1679
4if4if-4if-4if- -5.38594920711 -0.714298826285 4.1033
4if4if-4if4if -5.5459521442 -0.64409345593 4.3058
4if4if-4if4if- -5.52255035408 -0.568173694965 4.3457
4if4if4if -5.43057587664 -0.521914342406 4.3602
4if4if4if-4if -5.44064408867 -0.519737431697 4.3490
4if4if4if-4if- -5.34703692819 -0.502866373705 4.2416
4if4if4if4if -5.35819359558 -0.616065730556 4.2280
4if4if4if4if- -5.36989449063 -0.565724670418 4.2756
4ii -6.15412657344 0.193200825395 5.3585
4ii4ii -6.11630274987 0.104491714017 5.2928
4ii4ii4ii -6.08936347985 0.0438103280122 5.2364
4ii4ii4ii4ii -6.08011160934 0.00816341515755 5.2269
4il -5.66785914389 0.157553912541 5.1027
4la -5.87221663666 0.116464722914 5.2231
4la4la- -5.58323174009 -0.398374659688 4.6160
4la4la-4la-4la- -5.22104822093 -0.806817531404 3.9603
4le -5.74377890485 -0.403272708783 4.8789
4le4le- -5.59847011505 -0.60191581095 4.3966
4le4le-4le-4le- -5.3886703455 -0.953486890402 3.9467
4lf -5.35710514022 0.0272113838585 4.8050
4lf4lf- -5.12227089752 -0.190207573171 4.3412
4lf4lf-4lf-4lf- -4.8068909586 -0.823416475558 3.4962
4li -5.66785914389 0.157553912541 5.1027
4li4li- -5.50214181619 -0.102042689469 4.7635
4li4li-4li-4li- -5.33125432556 -0.379326690987 4.3933
4ll -5.28417863148 0.072110167225 4.7827
12dd -7.72884935733 -1.55322579064 5.6166
12dd12dd -7.36584949665 -3.15896955213 3.9845
12dd12dd- -7.41673478447 -3.20985483995 4.0123
12dd12dd-12dd -7.30843347671 -3.62646112682 3.3753
12dd12dd-12dd-12dd -7.30516811065 -3.84360797001 3.0684
12dd12dd-12dd-12dd- -7.25373859516 -4.01857716822 2.8885
12dd12dd-12dd12dd- -7.2681606286 -3.88007122438 3.0379
12dd12dd-4dd12dd -7.39877527112 -3.89204423328 3.1144
12dd12dd12dd -7.29890949236 -3.70591836769 3.3513
12dd12dd12dd-12dd -7.33782177128 -3.92415366623 3.0752
12dd12dd12dd-12dd- -7.28339900356 -4.02592424186 2.9603
12dd12dd12dd12dd -7.32285551016 -4.06102692704 2.9679
12dd12dd12dd12dd- -7.25373859516 -4.01857716822 2.8885
12dh -5.98541599351 -0.716747850833 4.6348
12dh12dh -5.51030523134 -1.54778351387 3.6256
12dh12dh- -5.48309384749 -1.55812383974 3.6326
12dh12dh-12dh -5.1679860224 -1.90234784555 2.9664
12dh12dh-12dh-12dh -5.06757601597 -2.11187550126 2.6127
12dh12dh-12dh-12dh- -5.1573735827 -2.21827201214 2.6168
12dh12dh-12dh12dh- -5.01696284199 -2.09609289862 2.6089
12dh12dh-4dh12dh -5.31030155998 -2.07459590537 2.8984
12dh12dh12dh -5.27547098865 -1.9464302874 3.0171
12dh12dh12dh-12dh -5.00580617461 -2.09881403701 2.6100
12dh12dh12dh-12dh- -5.10213447347 -2.18452989616 2.6292
12dh12dh12dh12dh -5.14431211845 -2.18316932697 2.6353
12dh12dh12dh12dh- -5.01723495583 -2.06289501031 2.6305
12hd -5.98541599351 -0.716747850833 4.6348
12hd12hd -5.51030523134 -1.54778351387 3.6256
12hd12hd- -5.48309384749 -1.55812383974 3.6327
12hd12hd-12hd -5.1679860224 -1.90234784555 2.9664
12hd12hd-12hd-12hd -5.06757601597 -2.11187550126 2.6127
12hd12hd-12hd-12hd- -5.01723495583 -2.06289501031 2.6305
12hd12hd-12hd12hd- -5.01696284199 -2.09609289862 2.6089
12hd12hd-4hd12hd -5.41016733875 -2.25446315268 2.8063
12hd12hd12hd -5.27547098865 -1.9464302874 3.0171
12hd12hd12hd-12hd -5.11111423014 -2.17364534262 2.6383
12hd12hd12hd-12hd- -5.10213447347 -2.18452989616 2.6292
12hd12hd12hd12hd -5.14485634612 -2.18289721313 2.6357
12hd12hd12hd12hd- -5.15764569654 -2.21854412598 2.6168
12hh -5.16662545321 1.14695982964 5.6127
12hh12hh -4.36225694635 0.213337249451 4.3663
12hh12hh- -4.49069467817 -0.0816341515755 4.2673
12hh12hh-12hh -3.8879625257 -0.2538822114 3.4139
12hh12hh-12hh-12hh- -3.78292658401 -0.461232956401 3.0798
12hh12hh-12hh12hh- -3.83816569324 -0.622868576521 2.9745
12hh12hh-4hh12hh -3.98374659688 -0.57878613467 3.0567
12hh12hh12hh -3.97041301879 -0.108029193918 3.6479
12hh12hh12hh-12hh -3.78972942997 -0.497696210772 3.0405
12hh12hh12hh-12hh- -3.72768747477 -0.377694007956 3.1081
12hh12hh12hh12hh -3.72877593013 -0.300141563959 3.1798
12hh12hh12hh12hh- -3.78292658401 -0.46150507024 3.0797
13aa -5.51710807731 1.40383529326 6.5608
13aa13aa -4.64824859071 0.274290749294 4.7867
13aa13aa- -4.69097046337 0.293610831833 4.8117
13aa13aa-13aa -4.35327718968 -0.105580169371 4.0128
13aa13aa-13aa-13aa- -4.46049004208 -0.133063667068 3.9396
13aa13aa-13aa13aa- -4.17912433299 -0.31918953266 3.5768
13aa13aa-4aa13aa -4.59872387209 -0.742054437821 3.5435
13aa13aa13aa -4.67328306386 0.160547164765 4.4612
13aa13aa13aa-13aa -4.38701930567 -0.164628872344 3.8675
13aa13aa13aa-13aa- -4.42974117832 -0.18258838569 3.8879
13aa13aa13aa13aa -4.59083257077 -0.0100682120276 4.1447
13aa13aa13aa13aa- -4.46076215592 -0.132791553229 3.9400
13ad13ad -6.04038298891 -1.09553031414 4.6046
13ad13ad- -5.94187777934 -1.32192902785 4.3329
13ad13ad-13ad-13ad -5.60336816414 -1.96003597933 3.2831
13ad13ad-13ad-13ad- -5.6877234541 -2.0536431398 3.2101
13ad13ad-13ad13ad- -5.61779019759 -1.90779012232 3.3425
13ad13ad-4ad13ad -5.88201273485 -2.30235518827 3.2324
13ad13ad13ad-13ad -5.74432313253 -1.97500224045 3.4091
13ad13ad13ad-13ad- -5.768813378 -2.00058094128 3.4156
13ad13ad13ad13ad -6.05779827458 -1.72955555805 3.8755
13ad13ad13ad13ad- -5.83493704078 -2.04112590323 3.4341
13ae13ae -5.09397105831 -0.294971401026 4.4669
13ae13ae- -5.02539837099 -0.486267429551 4.2326
13ae13ae-13ae -4.73668558825 -0.773619643097 3.6238
13ae13ae-13ae-13ae -4.62974484968 -0.966820468492 3.2858
13ae13ae-13ae-13ae- -4.69586851246 -0.938520629279 3.3706
13ae13ae-13ae13ae- -4.59001622925 -0.940697539988 3.2853
13ae13ae-4ae13ae -4.86648388925 -1.3681883804 3.1360
13ae13ae13ae -4.84090518843 -0.779606147546 3.7419
13ae13ae13ae-13ae -4.66022159961 -0.97879347739 3.3278
13ae13ae13ae-13ae- -4.69586851246 -0.998113559929 3.3482
13ae13ae13ae13ae -4.84906860358 -0.783687855125 3.6580
13ae13ae13ae13ae- -4.70403192762 -1.03757006652 3.3200
13af13af -4.6806301375 0.416062059196 4.7431
13af13af- -4.27381994881 0.451436858212 4.5532
13af13af-13af -3.87326837842 0.1346963501 3.7942
13af13af-13af-13af -3.6890473097 -0.10585228321 3.3166
13af13af-13af-13af- -3.74864024035 -0.215786273998 3.2604
13af13af-13af13af- -3.6411552741 -0.102314803308 3.2886
13af13af-4af13af -4.06701343149 -0.477287672878 3.3482
13af13af13af -4.53858671376 0.0359190266932 4.1720
13af13af13af-13af -3.93639878897 -0.237555381085 3.4220
13af13af13af-13af- -4.21368279049 -0.419327425259 3.4920
13af13af13af13af -4.49858597949 -0.17687399508 3.8678
13af13af13af13af- -4.27436417649 -0.28082148142 3.6376
13ah13ah -4.19735596017 0.647358821994 4.5152
13ah13ah- -4.18402238208 0.558105482938 4.4721
13ah13ah-13ah -3.86320016639 0.245446682404 3.8238
13ah13ah-13ah-13ah -3.7116327583 0.0595929306501 3.4377
13ah13ah-13ah-13ah- -3.70292511546 0.0859879729928 3.4491
13ah13ah-13ah13ah- -3.6757137316 0.078640899351 3.4349
13ah13ah-4ah13ah -3.98238602769 -0.309393434471 3.3452
13ah13ah13ah -3.97041301879 0.321638557207 3.9457
13ah13ah13ah-13ah -3.78728040542 0.0244902454726 3.4815
13ah13ah13ah-13ah- -3.75136137873 0.0114287812206 3.4419
13ah13ah13ah13ah -3.85993480033 0.142043423741 3.6170
13ah13ah13ah13ah- -3.85558097891 0.0748313056109 3.5582
13ai13ai -4.76308063059 0.581507273056 5.0133
13ai13ai- -4.69178680488 0.539601741914 4.9368
13ai13ai-13ai-13ai -4.25667677698 -0.0228575624411 3.8368
13ai13ai-13ai-13ai- -4.32960328572 0.000816341515755 3.9231
13ai13ai-13ai13ai- -4.18102912986 -0.0476199217524 3.7717
13ai13ai-4ai13ai -4.4958648411 -0.569806377997 3.5542
13ai13ai13ai-13ai -4.24932970334 -0.0470756940752 3.8290
13ai13ai13ai-13ai- -4.30456881257 -0.0590487029729 3.8655
13ai13ai13ai13ai -4.4697419126 0.109933990788 4.1227
13ai13ai13ai13ai- -4.37967223202 0.0487083771067 3.9976
13al13al -4.19109734188 0.401367911913 4.4384
13al13al- -4.3026640157 0.465858891657 4.5678
13al13al-13al -3.80578414645 0.0960561850205 3.6873
13al13al-13al-13al -3.79598804826 -0.188302776301 3.3224
13al13al-13al-13al- -3.89694228237 -0.163268303151 3.4293
13al13al-13al13al- -3.60822949964 -0.0726543949022 3.2814
13al13al13al -3.92986805684 -0.0740149640951 3.6173
13al13al13al-13al- -3.86428862174 -0.192112370041 3.3968
13al13al13al13al -3.77313048582 -0.250344731498 3.2385
13al13al13al13al- -3.71680292123 -0.259052374333 3.1955
13da13da -6.04065510275 -1.09553031414 4.6047
13da13da- -5.94187777934 -1.32192902785 4.3329
13da13da-13da-13da -5.60336816414 -1.96003597933 3.2831
13da13da-13da-13da- -5.88282907637 -1.9379947584 3.5653
13da13da-13da13da- -5.61779019759 -1.90779012232 3.3425
13da13da-4da13da -5.83031110552 -2.42262950492 3.0728
13da13da13da-13da -5.60908255475 -1.94561394588 3.3107
13da13da13da-13da- -5.77207874406 -2.01037703947 3.4066
13da13da13da13da -6.05779827458 -1.72955555805 3.8755
13da13da13da13da- -5.68745134026 -2.0536431398 3.2098
13dd -7.17890728955 -1.03267201743 5.5669
13dd13dd -6.92856255805 -2.62154472093 3.9891
13dd13dd- -6.92829044421 -2.62154472093 3.9887
13dd13dd-13dd -6.82216604716 -2.8569231913 3.5689
13dd13dd-13dd-13dd -6.9155010938 -3.02427320203 3.4407
13dd13dd-13dd-13dd- -7.00693134356 -3.2955706991 3.3007
13dd13dd-13dd13dd- -6.80039694008 -3.02536165739 3.3427
13dd13dd-4dd13dd -6.98053630122 -3.62918226521 2.9349
13dd13dd13dd -6.822438161 -2.8569231913 3.5691
13dd13dd13dd-13dd -6.91305206925 -3.14509174636 3.3496
13dd13dd13dd-13dd- -7.05781663138 -3.26019590009 3.4010
13dd13dd13dd13dd -6.80039694008 -3.02536165739 3.3427
13dd13dd13dd13dd- -7.00638711588 -3.29584281294 3.3000
13de13de -6.14269779222 -1.30614642521 4.3496
13de13de- -6.02405615859 -1.80248206679 3.8823
13de13de-13de -5.81316793369 -2.0797660683 3.3255
13de13de-13de-13de -5.81235159217 -2.20765957244 3.1667
13de13de-13de-13de- -6.04773006255 -2.17473379797 3.4556
13de13de-13de13de- -5.7103089027 -2.26507559238 3.0207
13de13de-4de13de -5.94405469005 -2.75624107103 2.7805
13de13de13de -6.18895714478 -1.58451888208 4.0948
13de13de13de-13de -5.79575264802 -2.25582372187 3.1278
13de13de13de-13de- -5.94840851147 -2.27759282896 3.2780
13de13de13de13de -6.27766625615 -1.72792287501 3.9992
13de13de13de13de- -5.84554948048 -2.36630194033 3.0699
13df13df -5.73207800979 -1.14260600822 4.2080
13df13df- -5.47737945688 -1.131177227 4.0566
13df13df-13df -5.17315618534 -1.37961716163 3.4704
13df13df-13df-13df -5.08390284628 -1.60383896462 3.1255
13df13df-13df-13df- -5.38703766247 -1.7045210849 3.3012
13df13df-13df13df- -5.04771170575 -1.6544521386 3.0640
13df13df-4df13df -5.36336375851 -1.91840256202 3.1421
13df13df13df -5.62513727123 -1.74234490846 3.5368
13df13df13df-13df -5.23138854679 -1.77880816283 3.1140
13df13df13df-13df- -5.4218682338 -1.90915069151 3.1671
13df13df13df13df -5.68636288491 -1.87704125856 3.3967
13df13df13df13df- -5.43765083644 -1.99922037208 3.0798
13dh13dh -5.13288333723 -0.839199078196 3.8662
13dh13dh- -5.26757968733 -0.967908923847 3.9438
13dh13dh-13dh -5.10703252256 -1.28954748105 3.4562
13dh13dh-13dh-13dh -4.9464853578 -1.45199944269 3.0872
13dh13dh-13dh-13dh- -4.96825446488 -1.56574302722 3.0172
13dh13dh-13dh13dh- -5.0311127616 -1.45091098733 3.2037
13dh13dh-4dh13dh -5.1693465916 -1.77173320303 2.9985
13dh13dh13dh -5.04281365666 -1.2122671509 3.4245
13dh13dh13dh-13dh -5.04798381959 -1.48601367251 3.1765
13dh13dh13dh-13dh- -4.99301682419 -1.55186522145 3.0685
13dh13dh13dh13dh -5.03492235534 -1.43676106773 3.1730
13dh13dh13dh13dh- -4.92716527526 -1.50859912111 3.0267
13di13di -5.9296326566 -0.875934446405 4.6153
13di13di- -5.72200979776 -1.17961349027 4.2412
13di13di-13di -5.48146116445 -1.50315684434 3.6139
13di13di-13di-13di -5.45370555292 -1.6805750671 3.3432
13di13di-13di-13di- -5.72745207454 -1.60900912755 3.6977
13di13di-13di13di- -5.36200318932 -1.69363653135 3.2792
13di13di-4di13di -5.64989963054 -2.14153590966 3.0831
13di13di13di -5.8999722482 -1.22968243657 4.1907
13di13di13di-13di -5.46948815556 -1.72275271208 3.3534
13di13di13di-13di- -5.63466125558 -1.72492962279 3.5133
13di13di13di13di -5.93534704721 -1.4337678155 3.9794
13di13di13di13di- -5.52962531388 -1.83132613368 3.2621
13dl13dl -5.73452703434 -0.930357214122 4.3447
13dl13dl- -5.40009912672 -0.958657053335 4.1320
13dl13dl-13dl -4.98920723045 -1.27049951235 3.3832
13dl13dl-13dl-13dl -5.11356325469 -1.53091245588 3.1852
13dl13dl-13dl-13dl- -4.85995315713 -1.41635252983 3.0902
13dl13dl-13dl13dl- -4.85995315713 -1.41635252983 3.0902
13dl13dl13dl -5.67166873763 -1.24383235617 3.9537
13dl13dl13dl-13dl -4.98131592914 -1.52873554517 3.1036
13dl13dl13dl13dl -5.69724743845 -1.42043423741 3.7650
13dl13dl13dl13dl- -5.21288480577 -1.62125425029 3.2064
13ea13ea -5.09478739983 -0.293610831833 4.4687
13ea13ea- -5.02539837099 -0.486267429551 4.2326
13ea13ea-13ea -4.73668558825 -0.773619643097 3.6238
13ea13ea-13ea-13ea -4.62974484968 -0.966548354654 3.2859
13ea13ea-13ea-13ea- -4.74729802795 -0.928452417252 3.4514
13ea13ea-13ea13ea- -4.59001622925 -0.940697539988 3.2852
13ea13ea-4ea13ea -4.82702738266 -1.43050244944 3.0501
13ea13ea13ea -4.84117730226 -0.779606147546 3.7421
13ea13ea13ea-13ea -4.62539102827 -0.954303231917 3.3090
13ea13ea13ea-13ea- -4.69586851246 -0.997841446091 3.3483
13ea13ea13ea13ea -4.84934071742 -0.783687855125 3.6580
13ea13ea13ea13ea- -4.69586851246 -0.938520629279 3.3706
13ed13ed -6.14242567838 -1.30641853905 4.3495
13ed13ed- -6.02405615859 -1.80248206679 3.8823
13ed13ed-13ed -5.81344004753 -2.0797660683 3.3258
13ed13ed-13ed-13ed -5.81235159217 -2.20765957244 3.1668
13ed13ed-13ed-13ed- -5.84554948048 -2.36630194033 3.0699
13ed13ed-13ed13ed- -5.7103089027 -2.26507559238 3.0207
13ed13ed-4ed13ed -5.97153818775 -2.67134155339 2.9128
13ed13ed13ed -6.18950137245 -1.5839746544 4.0956
13ed13ed13ed-13ed -5.8569782617 -2.29310331776 3.1465
13ed13ed13ed-13ed- -5.94840851147 -2.27759282896 3.2779
13ed13ed13ed13ed -6.27766625615 -1.72765076118 3.9994
13ed13ed13ed13ed- -6.04773006255 -2.17473379797 3.4556
13ee -5.82133134885 0.144764562127 5.2669
13ee13ee -5.42458937219 -0.547493043233 4.3928
13ee13ee- -5.2504365155 -1.04546136784 3.8622
13ee13ee-13ee -5.00526194693 -1.18042983178 3.4236
13ee13ee-13ee-13ee -4.95056706538 -1.27757447216 3.2294
13ee13ee-13ee-13ee- -5.11274691317 -1.25526113739 3.4428
13ee13ee-13ee13ee- -4.88389917492 -1.27975138286 3.1817
13ee13ee-4ee13ee -5.09505951366 -1.85363946844 2.8378
13ee13ee13ee -5.34676481435 -0.745047690045 4.0998
13ee13ee13ee-13ee -4.97070348943 -1.30179260379 3.2497
13ee13ee13ee-13ee- -5.05614723475 -1.34179333806 3.3173
13ee13ee13ee13ee -5.3350639193 -0.850355745578 3.9516
13ee13ee13ee13ee- -5.11247479933 -1.25526113739 3.4425
13ef13ef -4.91818551858 -0.367081568251 4.1731
13ef13ef- -4.72035875793 -0.355108559353 4.0737
13ef13ef-13ef -4.31626970763 -0.545860360201 3.4437
13ef13ef-13ef-13ef -4.19409059411 -0.731169884278 3.0969
13ef13ef-13ef-13ef- -4.42729215378 -0.748313056109 3.2999
13ef13ef-13ef13ef- -4.14701490003 -0.786136879672 3.0311
13ef13ef-4ef13ef -4.46892557108 -1.01035868267 3.1511
13ef13ef13ef -4.72117509945 -0.707223866482 3.6419
13ef13ef13ef-13ef -4.30973897551 -0.882193064692 3.0840
13ef13ef13ef-13ef- -4.46239483895 -0.966004126976 3.1523
13ef13ef13ef13ef -4.64797647687 -0.904506399456 3.3399
13ef13ef13ef13ef- -4.54402899053 -0.997297218414 3.1700
13eh13eh -4.46756500189 -0.093062932796 3.9294
13eh13eh- -4.56797500832 -0.205173834293 4.0045
13eh13eh-13eh -4.29803808045 -0.46531466398 3.4791
13eh13eh-13eh-13eh -4.13449766346 -0.584228411442 3.1499
13eh13eh-13eh-13eh- -4.10129977515 -0.599466786403 3.1060
13eh13eh-13eh13eh- -4.13803514336 -0.595112964985 3.1697
13eh13eh-4eh13eh -4.3491954821 -0.871580624987 3.1115
13eh13eh13eh -4.26783344437 -0.34422400581 3.5007
13eh13eh13eh-13eh -4.17858010531 -0.597561989532 3.1939
13eh13eh13eh-13eh- -4.13422554962 -0.614977275202 3.1440
13eh13eh13eh13eh -4.18157335753 -0.483274177327 3.2551
13eh13eh13eh13eh- -4.1799406745 -0.52300279776 3.2250
13ei13ei -5.09206626144 -0.0808178100597 4.5871
13ei13ei- -4.87627998744 -0.388306447661 4.1775
13ei13ei-13ei -4.55164817801 -0.676475002722 3.5040
13ei13ei-13ei-13ei -4.54375687669 -0.739333299435 3.3765
13ei13ei-13ei-13ei- -4.71001843207 -0.638923292997 3.6618
13ei13ei-13ei13ei- -4.42484312923 -0.782327285932 3.2535
13ei13ei-4ei13ei -4.72444046551 -1.19321918219 3.1061
13ei13ei13ei -4.96009104973 -0.324631809432 4.1687
13ei13ei13ei-13ei -4.51001476071 -0.825049158589 3.2898
13ei13ei13ei-13ei- -4.65042550142 -0.764912000262 3.4972
13ei13ei13ei13ei -4.91573649404 -0.45579067963 3.9562
13ei13ei13ei13ei- -4.70702517984 -0.711033460222 3.5632
13el13el -5.11601227923 -0.155921229509 4.4923
13el13el- -4.66239851031 -0.202996923584 4.1580
13el13el-13el -4.54675012892 -0.6269502841 3.5600
13el13el-13el-13el -4.45858524521 -0.826137613944 3.2290
13el13el-13el-13el- -4.42756426762 -0.756476471266 3.2643
13el13el-13el13el- -4.31218800006 -0.71348248477 3.2229
13el13el13el -4.94403633325 -0.371435389668 4.1032
13el13el13el-13el -4.46647654653 -0.781783058254 3.2998
13el13el13el-13el- -4.4147749172 -0.72872085973 3.3018
13el13el13el13el -4.57777110651 -0.792667611798 3.4026
13el13el13el13el- -4.5649817561 -0.619058982781 3.5229
13fa13fa -4.25967002921 0.416334173035 4.4976
13fa13fa- -4.27381994881 0.451436858212 4.5533
13fa13fa-13fa -3.87000301235 0.0917023636031 3.7505
13fa13fa-13fa-13fa- -4.27436417649 -0.281093595258 3.6376
13fa13fa-13fa13fa- -3.64061104643 -0.102314803308 3.2884
13fa13fa-4fa13fa -3.94048049655 -0.669400042919 3.0504
13fa13fa13fa -4.0106858669 -0.0778245578353 3.6905
13fa13fa13fa-13fa -3.71244909981 -0.12490025191 3.3260
13fa13fa13fa-13fa- -4.17966856066 -0.468307916205 3.4164
13fa13fa13fa13fa -3.91136431582 -0.0857158591542 3.5107
13fa13fa13fa13fa- -3.74864024035 -0.215786273998 3.2604
13fd13fd -5.62404881587 -0.95947339485 4.2542
13fd13fd- -5.47737945688 -1.131177227 4.0566
13fd13fd-13fd -5.19410895091 -1.46805415917 3.4094
13fd13fd-13fd-13fd -5.23030009144 -1.76220921868 3.1077
13fd13fd-13fd-13fd- -5.44499791008 -1.94915142578 3.1383
13fd13fd-13fd13fd- -5.04771170575 -1.6544521386 3.0640
13fd13fd-4fd13fd -5.30594773857 -2.10779379368 2.9126
13fd13fd13fd -5.56010206381 -1.31893577562 3.8168
13fd13fd13fd-13fd -5.19574163394 -1.71894311834 3.1378
13fd13fd13fd-13fd- -5.4218682338 -1.90915069151 3.1670
13fd13fd13fd13fd -5.46567856182 -1.71540563844 3.3521
13fd13fd13fd13fd- -5.29370261583 -1.80275418063 3.1302
13fe13fe -4.8879808825 -0.186942207108 4.2853
13fe13fe- -4.72035875793 -0.355108559353 4.0736
13fe13fe-13fe -4.35028393746 -0.632392560871 3.4006
13fe13fe-13fe-13fe -4.32742637502 -0.864233551346 3.1015
13fe13fe-13fe-13fe- -4.54402899053 -0.997297218414 3.1700
13fe13fe-13fe13fe- -4.14701490003 -0.786136879672 3.0311
13fe13fe-4fe13fe -4.4183123971 -1.24274390082 2.8914
13fe13fe13fe -4.69777330933 -0.429939864964 3.8427
13fe13fe13fe-13fe -4.25830946002 -0.806545417566 3.1176
13fe13fe13fe-13fe- -4.46375540815 -0.966004126976 3.1531
13fe13fe13fe13fe -4.62049297917 -0.566268898095 3.6016
13fe13fe13fe13fe- -4.34048783927 -0.846274037999 3.1345
13ff -5.05152129949 1.47431277745 5.4921
13ff13ff -4.39599906234 0.351026851775 4.5143
13ff13ff- -4.51518492364 0.262589854234 4.6113
13ff13ff-13ff -3.93857569968 0.110206104627 3.8473
13ff13ff-13ff-13ff -3.83054650576 -0.299325222443 3.2775
13ff13ff-13ff-13ff- -4.05803367482 -0.588854346698 3.2241
13ff13ff-13ff13ff- -3.8569415481 -0.167077896891 3.4437
13ff13ff-4ff13ff -4.03925781995 -0.51919320402 3.2818
13ff13ff13ff -4.0452443244 -0.158098140218 3.6804
13ff13ff13ff-13ff -3.94809968403 -0.333067338428 3.3514
13ff13ff13ff-13ff- -4.17749164996 -0.643549228253 3.2722
13ff13ff13ff13ff -3.86483284942 -0.438647507799 3.1909
13ff13ff13ff13ff- -3.96741976657 -0.454430110437 3.2634
13fh13fh -4.3540935312 0.413885148488 4.4930
13fh13fh- -4.33123596876 0.311298231341 4.4512
13fh13fh-13fh -3.79245056836 0.212793021773 3.7778
13fh13fh-13fh-13fh -3.76932089208 -0.137689602324 3.3483
13fh13fh-13fh-13fh- -3.91626236491 -0.336060590652 3.2990
13fh13fh-13fh13fh- -3.67135991019 -0.130342528682 3.2822
13fh13fh-4fh13fh -3.93830358584 -0.468580030043 3.2067
13fh13fh13fh -4.06810188684 0.0699332565163 3.8350
13fh13fh13fh-13fh -3.8915000056 -0.268032131006 3.3353
13fh13fh13fh-13fh- -4.04470009673 -0.504771170575 3.2555
13fh13fh13fh13fh -3.92415366623 -0.133880008584 3.4489
13fh13fh13fh13fh- -3.90238455915 -0.282998392128 3.3002
13fi13fi -4.4076999574 0.629943536324 4.7136
13fi13fi- -4.56307695923 0.463137753272 4.7207
13fi13fi-13fi -3.95054870858 0.149118383545 3.8487
13fi13fi-13fi-13fi -3.98891675982 -0.054422767717 3.5753
13fi13fi-13fi-13fi- -4.35627044191 -0.135784805454 3.7971
13fi13fi-13fi13fi- -3.74156528054 -0.0280277253742 3.4219
13fi13fi-4fi13fi -4.00578781781 -0.531710440595 3.1833
13fi13fi13fi -4.15708311206 0.337693273684 4.1156
13fi13fi13fi-13fi -3.82809748121 -0.0337421159845 3.4831
13fi13fi13fi-13fi- -4.09585749838 -0.0990494372449 3.6658
13fi13fi13fi13fi -4.0417068445 0.198915216006 3.8128
13fi13fi13fi13fi- -4.04606066592 0.0503410601382 3.7082
13fl13fl -4.62185354836 0.584228411442 4.8596
13fl13fl- -4.32361678128 0.512390358055 4.6626
13fl13fl-13fl -3.94320163493 0.155921229509 3.8723
13fl13fl-13fl13fl- -3.73721145913 -0.0383680512405 3.4307
13fl13fl13fl -4.07055091139 0.130070414844 3.9136
13fl13fl13fl-13fl -3.64986291694 -0.0239460177955 3.3739
13fl13fl13fl13fl -4.56579809762 0.327080833979 4.3601
13fl13fl13fl13fl- -4.03327131551 -0.0895254528944 3.6478
13ha13ha -4.19735596017 0.647358821994 4.5152
13ha13ha- -4.18402238208 0.558105482938 4.4721
13ha13ha-13ha -3.86320016639 0.245446682404 3.8238
13ha13ha-13ha-13ha -3.71217698598 0.0598650444887 3.4382
13ha13ha-13ha-13ha- -3.85476463739 0.0748313056109 3.5576
13ha13ha-13ha13ha- -3.67598584544 0.0789130131896 3.4351
13ha13ha-4ha13ha -4.00469936245 -0.43647059709 3.2327
13ha13ha13ha -3.97041301879 0.321638557207 3.9457
13ha13ha13ha-13ha -3.63625722501 0.072110167225 3.3973
13ha13ha13ha-13ha- -3.75136137873 0.0114287812206 3.4419
13ha13ha13ha13ha -3.85993480033 0.142043423741 3.6170
13ha13ha13ha13ha- -3.70292511546 0.0859879729928 3.4491
13hd13hd -5.13288333723 -0.839199078196 3.8661
13hd13hd- -5.26730757349 -0.967908923847 3.9438
13hd13hd-13hd -5.10703252256 -1.28954748105 3.4563
13hd13hd-13hd-13hd -4.9464853578 -1.45199944269 3.0871
13hd13hd-13hd-13hd- -4.92716527526 -1.50859912111 3.0268
13hd13hd-13hd13hd- -5.0311127616 -1.45091098733 3.2037
13hd13hd-4hd13hd -5.23927984811 -1.82833288145 3.0560
13hd13hd13hd -5.04281365666 -1.2122671509 3.4245
13hd13hd13hd-13hd -4.94539690244 -1.52084424385 3.0588
13hd13hd13hd-13hd- -4.99301682419 -1.55186522145 3.0685
13hd13hd13hd13hd -5.03492235534 -1.43676106773 3.1730
13hd13hd13hd13hd- -4.96852657872 -1.56547091338 3.0174
13he13he -4.46756500189 -0.0927908189575 3.9295
13he13he- -4.56797500832 -0.205173834293 4.0045
13he13he-13he -4.29803808045 -0.46531466398 3.4791
13he13he-13he-13he -4.13449766346 -0.584228411442 3.1500
13he13he-13he-13he- -4.1799406745 -0.523274911599 3.2249
13he13he-13he13he- -4.13803514336 -0.595112964985 3.1698
13he13he-4he13he -4.41395857569 -0.949133068984 3.1002
13he13he13he -4.16960034864 -0.509397105831 3.2918
13he13he13he-13he -4.05776156098 -0.612256136816 3.0831
13he13he13he-13he- -4.13422554962 -0.614977275202 3.1438
13he13he13he13he -4.18157335753 -0.483274177327 3.2551
13he13he13he13he- -4.10102766131 -0.599466786403 3.1059
13hf13hf -4.20007709856 0.454430110437 4.4417
13hf13hf- -4.33123596876 0.311298231341 4.4512
13hf13hf-13hf -3.82456000131 0.177146108919 3.7845
13hf13hf-13hf-13hf -3.63027072056 -0.0745591917723 3.2637
13hf13hf-13hf-13hf- -3.90238455915 -0.283270505967 3.3001
13hf13hf-13hf13hf- -3.67135991019 -0.130342528682 3.2821
13hf13hf-4hf13hf -3.87490106145 -0.33660481833 3.2629
13hf13hf13hf -3.86374439407 0.103675372501 3.7327
13hf13hf13hf-13hf -3.81802926918 -0.130614642521 3.3957
13hf13hf13hf-13hf- -4.04470009673 -0.504771170575 3.2555
13hf13hf13hf13hf -3.69285690344 -0.280549367581 3.1623
13hf13hf13hf13hf- -3.91626236491 -0.336060590652 3.2991
13hh -4.5530087472 1.67867027023 5.6134
13hh13hh -3.94755545635 0.804368506857 4.4424
13hh13hh- -4.04606066592 0.819334767979 4.6219
13hh13hh-13hh -3.65340039684 0.578514020832 3.9386
13hh13hh-13hh-13hh -3.35788476814 0.446810922956 3.4547
13hh13hh-13hh-13hh- -3.38754517654 0.382864170889 3.4350
13hh13hh-13hh13hh- -3.40006241312 0.46721946085 3.5320
13hh13hh-4hh13hh -3.70537414001 -0.0715659395478 3.2560
13hh13hh13hh -3.62809380985 0.492253934 3.8088
13hh13hh13hh-13hh -3.43434875678 0.400823684236 3.4981
13hh13hh13hh-13hh- -3.37257891542 0.357013356223 3.4244
13hh13hh13hh13hh -3.4612880268 0.332250996912 3.4468
13hh13hh13hh13hh- -3.38754517654 0.382864170889 3.4351
13hi13hi -4.23164230383 0.850355745578 4.6829
13hi13hi- -4.2038866923 0.635385813096 4.5805
13hi13hi-13hi -3.80360723574 0.336060590652 3.8454
13hi13hi-13hi-13hi -3.76197381844 0.257963918978 3.6159
13hi13hi-13hi-13hi- -3.91435756804 0.299053108605 3.7761
13hi13hi-13hi13hi- -3.58210657113 0.177418222757 3.4301
13hi13hi-4hi13hi -4.02075407893 -0.31347514205 3.3113
13hi13hi13hi -4.05177505653 0.580146703863 4.1942
13hi13hi13hi-13hi -3.64578120936 0.198915216006 3.5069
13hi13hi13hi-13hi- -3.80143032503 0.2038132651 3.6326
13hi13hi13hi13hi -3.97884854779 0.447899378311 3.9438
13hi13hi13hi13hi- -3.81449178928 0.311842459018 3.7144
13hl13hl -4.16497441338 0.421776449807 4.3391
13hl13hl- -4.20824051372 0.64409345593 4.6202
13hl13hl-13hl -3.85177138517 0.328169289333 3.9037
13hl13hl-13hl-13hl -4.02374733116 0.369802706637 3.9243
13hl13hl-13hl-13hl- -4.22211831948 0.45388588276 4.2908
13hl13hl-13hl13hl- -3.65639364907 0.165989441537 3.5022
13hl13hl13hl -3.83925414859 0.0734707364179 3.6681
13hl13hl13hl-13hl -3.59979397064 0.0691169150006 3.3850
13hl13hl13hl-13hl- -3.79381113755 0.114832039883 3.6093
13hl13hl13hl13hl -3.66918299948 -0.320822215692 3.0750
13hl13hl13hl13hl- -3.62727746834 -0.104491714017 3.2347
13ia13ia -4.76308063059 0.581507273056 5.0133
13ia13ia- -4.69178680488 0.539601741914 4.9368
13ia13ia-13ia-13ia -4.25667677698 -0.0228575624411 3.8368
13ia13ia-13ia-13ia- -4.37967223202 0.0487083771067 3.9976
13ia13ia-13ia13ia- -4.18102912986 -0.0476199217524 3.7717
13ia13ia-4ia13ia -4.51436858212 -0.569806377997 3.5661
13ia13ia13ia-13ia -4.22402311635 -0.072110167225 3.7891
13ia13ia13ia-13ia- -4.30456881257 -0.0590487029729 3.8655
13ia13ia13ia13ia -4.4697419126 0.109933990788 4.1227
13ia13ia13ia13ia- -4.32960328572 0.000816341515755 3.9231
13id13id -5.9296326566 -0.875934446405 4.6153
13id13id- -5.72200979776 -1.17961349027 4.2412
13id13id-13id -5.48146116445 -1.50315684434 3.6139
13id13id-13id-13id -5.45370555292 -1.6805750671 3.3431
13id13id-13id-13id- -5.52962531388 -1.83132613368 3.2621
13id13id-13id13id- -5.36200318932 -1.69363653135 3.2792
13id13id-4id13id -5.74894906778 -2.02235004836 3.3068
13id13id13id -5.8999722482 -1.22968243657 4.1907
13id13id13id-13id -5.51574750812 -1.72084791521 3.4101
13id13id13id-13id- -5.63438914174 -1.72520173663 3.5129
13id13id13id13id -5.93534704721 -1.4337678155 3.9794
13id13id13id13id- -5.72745207454 -1.60900912755 3.6977
13ie13ie -5.09206626144 -0.0810899238983 4.5868
13ie13ie- -4.87627998744 -0.388306447661 4.1775
13ie13ie-13ie -4.55164817801 -0.676475002722 3.5039
13ie13ie-13ie-13ie -4.54348476285 -0.739333299435 3.3765
13ie13ie-13ie-13ie- -4.706753066 -0.711033460222 3.5632
13ie13ie-13ie13ie- -4.42484312923 -0.782327285932 3.2537
13ie13ie-4ie13ie -4.79246892516 -1.15104153721 3.2151
13ie13ie13ie -4.95981893589 -0.325176037109 4.1680
13ie13ie13ie-13ie -4.51518492364 -0.791034928766 3.3417
13ie13ie13ie-13ie- -4.65042550142 -0.764912000262 3.4972
13ie13ie13ie13ie -4.91573649404 -0.45579067963 3.9563
13ie13ie13ie13ie- -4.71001843207 -0.639195406836 3.6616
13if13if -4.62403045907 0.60572540469 4.8358
13if13if- -4.56307695923 0.463137753272 4.7207
13if13if-13if -3.89939130692 0.207894972679 3.8596
13if13if-13if-13if -3.87408471993 0.0685726873234 3.5813
13if13if-13if-13if- -4.04606066592 0.0503410601382 3.7083
13if13if-13if13if- -3.74156528054 -0.0280277253742 3.4219
13if13if13if -4.50049077636 0.274834976971 4.3158
13if13if13if-13if -3.9119085435 -0.0764639886424 3.5293
13if13if13if-13if- -4.09585749838 -0.0990494372449 3.6658
13if13if13if13if -4.46076215592 0.103675372501 4.0561
13if13if13if13if- -4.35627044191 -0.135784805454 3.7971
13ih13ih -4.23164230383 0.850355745578 4.6829
13ih13ih- -4.2038866923 0.635385813096 4.5805
13ih13ih-13ih -3.80360723574 0.336060590652 3.8454
13ih13ih-13ih-13ih -3.76197381844 0.257963918978 3.6159
13ih13ih-13ih-13ih- -3.81449178928 0.311842459018 3.7143
13ih13ih-13ih13ih- -3.58210657113 0.177418222757 3.4301
13ih13ih-4ih13ih -3.98401871072 -0.201092126714 3.3677
13ih13ih13ih -4.05177505653 0.580146703863 4.1942
13ih13ih13ih-13ih -3.73993259751 0.179050905789 3.5690
13ih13ih13ih-13ih- -3.80143032503 0.2038132651 3.6326
13ih13ih13ih13ih -3.97884854779 0.447899378311 3.9438
13ih13ih13ih13ih- -3.91435756804 0.299053108605 3.7761
13ii -5.28880456674 1.59513132178 6.5204
13ii13ii -4.76063160604 0.806273303727 5.1491
13ii13ii- -4.68008590982 0.765184114101 5.0720
13ii13ii-13ii -4.38130491506 0.416878400712 4.3864
13ii13ii-13ii-13ii -4.3385830424 0.296876197896 4.1528
13ii13ii-13ii-13ii- -4.31681393531 0.198643102167 4.0565
13ii13ii-13ii13ii- -4.22347888868 0.22694294138 4.0141
13ii13ii-4ii13ii -4.55219240569 -0.386945878468 3.6821
13ii13ii13ii -4.49178313352 0.394020838271 4.4492
13ii13ii13ii-13ii -4.26075848456 0.204901720454 4.0290
13ii13ii13ii-13ii- -4.30973897551 0.191296028525 4.0614
13ii13ii13ii13ii -4.45123817157 0.295787742542 4.2549
13ii13ii13ii13ii- -4.48198703533 0.408714985555 4.3684
13il13il -4.67627631608 0.517560520989 4.8589
13il13il- -4.41450280336 0.462049297917 4.6377
13il13il-13il -4.10837473495 0.0508852878154 3.8803
13il13il-13il-13il -3.85966268649 -0.0927908189575 3.4523
13il13il-13il-13il- -4.0036109071 -0.110206104627 3.5223
13il13il-13il13il- -3.85149927133 -0.104763827855 3.4371
13il13il13il -4.45151028541 0.189663345494 4.2556
13il13il13il-13il -3.98429082456 -0.170615376793 3.4983
13il13il13il-13il- -3.93639878897 -0.137145374647 3.4857
13il13il13il13il -4.35028393746 0.0331978883074 3.9440
13il13il13il13il- -4.13068806972 -0.0130614642521 3.7321
13la13la -4.39028467173 0.451436858212 4.5815
13la13la- -4.3026640157 0.465858891657 4.5678
13la13la-13la -3.85476463739 0.118913747462 3.7509
13la13la-13la-13la -3.64904657542 -0.114015698367 3.2676
13la13la-13la-13la- -3.71734714891 -0.258236032817 3.1965
13la13la13la -3.9774879786 -0.0644909797446 3.6709
13la13la13la-13la -3.79489959291 -0.113743584528 3.4075
13la13la13la-13la- -3.86129536952 -0.197554646813 3.3907
13la13la13la13la -3.76061324924 -0.34231920894 3.1572
13la13la13la13la- -3.6996597494 -0.203269037423 3.2275
13ld13ld- -5.40009912672 -0.958657053335 4.1320
13ld13ld-13ld -5.04499056736 -1.25226788517 3.4506
13ld13ld-13ld-13ld -5.0643106499 -1.49526554302 3.1754
13ld13ld-13ld-13ld- -5.21288480577 -1.62125425029 3.2064
13ld13ld-13ld13ld- -4.85995315713 -1.41635252983 3.0902
13ld13ld13ld -5.0452626812 -1.25226788517 3.4508
13ld13ld13ld-13ld -4.85995315713 -1.41635252983 3.0902
13ld13ld13ld13ld -5.21288480577 -1.62125425029 3.2064
13ld13ld13ld13ld- -5.12852951581 -1.50914334879 3.2164
13le13le -4.80933998315 -0.284358961321 4.2059
13le13le- -4.66212639648 -0.202996923584 4.1579
13le13le-13le -4.48715719827 -0.562187190516 3.5670
13le13le-13le-13le -4.37722320748 -0.738244844081 3.2356
13le13le-13le-13le- -4.5649817561 -0.619058982781 3.5228
13le13le-13le13le- -4.31218800006 -0.71348248477 3.2229
13le13le13le -4.48715719827 -0.562187190516 3.5670
13le13le13le-13le -4.31436491076 -0.712938257092 3.2245
13le13le13le-13le- -4.4147749172 -0.728448745892 3.3018
13le13le13le13le -4.31300434157 -0.729265087408 3.2091
13le13le13le13le- -4.42756426762 -0.756476471266 3.2643
13lf13lf- -4.32361678128 0.512390358055 4.6626
13lf13lf-13lf -3.84388008385 0.281909936774 3.8919
13lf13lf-13lf-13lf -3.71734714891 -0.0334700021459 3.4037
13lf13lf-13lf-13lf- -4.12660636214 -0.0462593525594 3.7456
13lf13lf-13lf13lf- -3.73721145913 -0.0383680512405 3.4307
13lh13lh- -4.20796839988 0.643821342092 4.6199
13lh13lh-13lh -3.91354122653 0.268032131006 3.9069
13lh13lh-13lh-13lh -3.6651012919 0.0653073212604 3.4027
13lh13lh-13lh-13lh- -3.62727746834 -0.104491714017 3.2347
13lh13lh-13lh13lh- -3.65639364907 0.165989441537 3.5022
13li13li -4.41450280336 0.462049297917 4.6377
13li13li- -4.41450280336 0.462049297917 4.6377
13li13li-13li -4.0487818043 0.0917023636031 3.8635
13li13li-13li-13li -4.00116188255 -0.0549669953942 3.5726
13li13li-13li-13li- -4.13068806972 -0.0130614642521 3.7321
13li13li-13li13li- -3.85149927133 -0.104763827855 3.4371
13li13li13li -4.16306961651 0.0718380533864 3.9397
13li13li13li-13li -3.85122715749 -0.104491714017 3.4370
13li13li13li-13li- -3.93639878897 -0.137145374647 3.4857
13li13li13li13li -4.06129904088 -0.16544521386 3.5582
13li13li13li13li- -4.0036109071 -0.110206104627 3.5224
13ll -4.89940966372 1.5388037572 5.7819
13ll13ll -4.73995095431 0.691985491521 4.9325
13ll13ll- -4.06864611452 0.71919687538 4.5980
13ll13ll-13ll -4.03082229096 0.144492448289 3.9070
13ll13ll-13ll-13ll -3.91490179572 -0.147757814352 3.4435
13ll13ll-13ll-13ll- -4.14102839559 0.285447416676 3.9943
13ll13ll-13ll13ll- -3.73340186538 -0.00925187051189 3.4244
13ll13ll13ll -4.44198630106 0.22694294138 4.2406
13ll13ll13ll-13ll -3.90129610379 0.0307488637601 3.6143
13ll13ll13ll-13ll- -4.03708090925 0.151295294253 3.8178
13ll13ll13ll13ll -4.61232956401 0.390755472208 4.4041
13ll13ll13ll13ll- -3.99925708568 -0.0525179708469 3.5939
4dd -7.77510870989 -2.48195032173 4.9525
4dd4dd -7.89021286361 -2.97229945886 4.4557
4dd4dd4dd -7.87497448865 -3.25475362331 4.1369
4dd4dd4dd4dd -7.87279757794 -3.42291997556 3.9804
4dh -5.9916746118 -0.752394763687 4.7984
4dh4dh -5.99548420554 -1.21634885847 4.1154
4dh4dh- -5.9309932258 -1.24056699011 3.9904
4dh4dh-4dh -5.89235306072 -1.4612513132 3.8537
4dh4dh-4dh-4dh -5.88310119021 -1.57798814995 3.8457
4dh4dh-4dh-4dh- -5.7913988266 -1.58696790663 3.7251
4dh4dh-4dh4dh -5.85779460322 -1.59159384188 3.8044
4dh4dh-4dh4dh- -5.84963118806 -1.59866880169 3.7915
4dh4dh4dh -5.93561916105 -1.41689675751 3.9405
4dh4dh4dh-4dh -5.85208021261 -1.61363506281 3.7643
4dh4dh4dh-4dh- -5.88201273485 -1.6220705918 3.7761
4dh4dh4dh4dh -5.83765817916 -1.61717254271 3.7616
4dh4dh4dh4dh- -5.79847378641 -1.57826026379 3.7682
4hd -5.9916746118 -0.752394763687 4.7984
4hd4hd -5.99602843322 -1.21689308615 4.1155
4hd4hd- -5.9309932258 -1.24056699011 3.9903
4hd4hd-4hd -5.89235306072 -1.4612513132 3.8537
4hd4hd-4hd-4hd -5.80364394934 -1.64710506495 3.6846
4hd4hd-4hd-4hd- -5.90405395578 -1.62669652706 3.8177
4hd4hd-4hd4hd -5.89561842678 -1.60465530614 3.8158
4hd4hd-4hd4hd- -5.84908696038 -1.59839668785 3.7927
4hd4hd4hd -5.93561916105 -1.41716887135 3.9401
4hd4hd4hd-4hd -5.84391679745 -1.61771677039 3.7656
4hd4hd4hd-4hd- -5.88201273485 -1.6220705918 3.7761
4hd4hd4hd4hd -5.83765817916 -1.61717254271 3.7616
4hd4hd4hd4hd- -5.79167094044 -1.58696790663 3.7251
4hh -4.61232956401 0.316740508113 4.3569
4hh4hh -4.52770216021 -0.112927243013 3.8158
4hh4hh4hh -4.4719188233 -0.332523110751 3.5643
4hh4hh4hh4hh -4.44171418722 -0.453069541244 3.4321
6aa -6.84856108951 -0.592936054277 4.9067
6aa6aa -6.45943830033 -1.36329033131 4.1458
6aa6aa- -6.47576513064 -1.36383455899 4.4276
6aa6aa-4aa6aa -5.92228558296 -1.70043937732 3.8568
6aa6aa-6aa -6.17671202204 -1.76003230797 4.0971
6aa6aa-6aa-6aa -6.00772932828 -1.97473012661 3.7043
6aa6aa-6aa-6aa- -5.99820534393 -1.97391378509 3.6903
6aa6aa-6aa6aa- -6.02051867869 -1.97200898822 3.7152
6aa6aa6aa -6.15058909353 -1.76275344635 3.7978
6aa6aa6aa-6aa -6.01017835282 -1.97200898822 3.7092
6aa6aa6aa-6aa- -6.00065436847 -1.97200898822 3.7014
6aa6aa6aa6aa -5.98677656271 -1.97391378509 3.6397
6aa6aa6aa6aa- -5.99630054706 -1.97500224045 3.6963
6ad6ad -7.35578128463 -2.52031837297 3.8734
6ad6ad- -7.40340120638 -2.52358373904 4.0419
6ad6ad-4ad6ad -7.08421167372 -2.84195693018 3.8135
6ad6ad-6ad -7.22625509746 -2.97229945886 3.8140
6ad6ad-6ad-6ad -7.10924614687 -3.22482110107 3.5382
6ad6ad-6ad-6ad- -7.16121989004 -3.02672222658 3.6366
6ad6ad-6ad6ad- -7.12965468476 -3.22536532875 3.5569
6ad6ad6ad -7.23686753717 -2.77556115357 3.8229
6ad6ad6ad-6ad -7.11877013122 -3.2229163042 3.5531
6ad6ad6ad-6ad- -7.17428135429 -3.02345686052 3.6853
6ad6ad6ad6ad -7.15822663781 -3.01366076233 3.6384
6ad6ad6ad6ad- -7.19305720915 -3.01719824223 3.7340
6ae6ae -6.41399528928 -1.55540270135 4.1730
6ae6ae- -6.40202228039 -1.54043644023 4.3097
6ae6ae-4ae6ae -6.03303591527 -1.86642881885 3.7389
6ae6ae-6ae -6.23875397724 -1.8582654037 3.9361
6ae6ae-6ae-6ae -6.12337770968 -2.04656818 3.6512
6ae6ae-6ae-6ae- -6.11521429452 -2.04738452151 3.6078
6ae6ae-6ae6ae- -6.14242567838 -2.03241826039 3.6856
6ae6ae6ae -6.22759730985 -1.87295955098 3.8312
6ae6ae6ae-6ae -6.13507860474 -2.0430307001 3.6728
6ae6ae6ae-6ae- -6.11467006684 -2.04629606616 3.6325
6ae6ae6ae6ae -6.1157585222 -2.04738452151 3.6081
6ae6ae6ae6ae- -6.11902388826 -2.04738452151 3.6336
6af6af -6.18161007113 -1.29498975783 4.2669
6af6af- -6.20691665812 -1.33172512603 4.3436
6af6af-4af6af -5.61642962839 -1.7045210849 3.5101
6af6af-6af -5.97208241542 -1.68111929478 3.8615
6af6af-6af-6af -5.71194158574 -1.90044304868 3.4376
6af6af-6af-6af- -5.68908402329 -1.95160045033 3.3777
6af6af-6af6af- -5.88582232859 -1.88302776301 3.5789
6af6af6af -6.05208388397 -1.65200311405 3.8687
6af6af6af-6af -5.95112964985 -1.91622565131 3.6054
6af6af6af-6af- -5.91874810306 -1.96493402842 3.5403
6af6af6af6af -5.98432753816 -1.84955776086 3.6329
6af6af6af6af- -6.02405615859 -1.91159971606 3.6365
6ah6ah -5.55710881158 -0.906683310165 4.1057
6ah6ah- -5.51928498802 -0.924370709673 4.0516
6ah6ah-4ah6ah -5.17669366524 -1.17308275814 3.5292
6ah6ah-6ah -5.38649343479 -1.22723341202 3.6703
6ah6ah-6ah-6ah -5.32281879656 -1.37444699869 3.4849
6ah6ah-6ah-6ah- -5.34050619607 -1.36437878666 3.5050
6ah6ah-6ah6ah- -5.30785253544 -1.39131805668 3.4496
6ah6ah6ah -5.41533750168 -1.1953960929 3.7252
6ah6ah6ah-6ah -5.30567562473 -1.37689602324 3.4676
6ah6ah6ah-6ah- -5.33397546394 -1.3681883804 3.4996
6ah6ah6ah6ah -5.32608416262 -1.35485480231 3.4971
6ah6ah6ah6ah- -5.30621985241 -1.36791626657 3.4749
6ai6ai -6.3456947158 -1.03348835895 4.4286
6ai6ai- -6.38569545007 -1.03893063572 4.5776
6ai6ai-4ai6ai -5.92146924145 -1.31349349885 4.1466
6ai6ai-6ai -6.16909283456 -1.35485480231 4.3209
6ai6ai-6ai-6ai -6.03140323223 -1.51322505637 4.0381
6ai6ai-6ai-6ai- -6.0156206296 -1.50451741354 3.9903
6ai6ai-6ai6ai- -6.05507713619 -1.52220481304 4.0742
6ai6ai6ai -6.11167681462 -1.33607894745 4.1308
6ai6ai6ai-6ai -6.02840998001 -1.5197557885 4.0367
6ai6ai6ai-6ai- -6.03412437062 -1.51213660102 4.0419
6ai6ai6ai6ai -5.98187851361 -1.50043570596 3.9358
6ai6ai6ai6ai- -5.9965726609 -1.50941546263 3.9685
6al6al -5.7533028892 -1.23104300576 4.0565
6al6al- -5.87684257192 -1.19811723129 4.2179
6al6al6al -5.4768352292 -1.57608335308 3.5725
6al6al6al6al -5.30513139705 -1.76193710484 3.2293
6al6al6al6al- -5.3505744081 -1.72737864734 3.2950
6da6da -7.42761933801 -2.15323680472 4.4425
6da6da- -7.38272055465 -2.45365048252 4.3288
6da6da-4da6da -7.13754598608 -2.67515114713 4.0229
6da6da-6da -7.22244550372 -2.88876051042 3.9856
6da6da-6da-6da -7.23986078939 -2.87297790778 3.9368
6da6da-6da-6da- -7.27958940982 -2.76739773841 4.0611
6da6da-6da6da- -7.14353249053 -3.12713223302 3.6565
6da6da6da -7.33401217754 -2.47297056506 4.2894
6da6da6da-6da -7.24149347242 -2.87542693233 3.9362
6da6da6da-6da- -7.23986078939 -2.84658286544 3.9630
6da6da6da6da -7.29782103701 -2.64467439721 4.1521
6da6da6da6da- -7.26924908396 -2.76549294154 4.0494
6dd -8.13974125359 -2.85719530514 4.2943
6dd6dd -8.14844889643 -3.34509541772 4.1213
6dd6dd6dd -8.13021726924 -3.63788990804 3.9665
6dd6dd6dd6dd -8.12123751257 -3.83027439192 3.8327
6de6de -7.17074387439 -2.56304024563 4.1198
6de6de6de -7.14380460437 -2.73256716707 3.9549
6de6de6de6de -7.12965468476 -2.83379351502 3.8596
6df6df -7.01999280781 -2.05201045677 4.3207
6df6df- -7.21156095018 -2.22453063043 4.4010
6df6df-4df6df -6.75114433529 -2.49310698911 3.7923
6df6df-6df -7.01455053104 -2.45718796242 4.0743
6df6df-6df-6df -6.85046588638 -2.67188578107 3.7314
6df6df-6df-6df- -6.80366230614 -2.68685204219 3.6937
6df6df-6df6df- -7.1193143589 -2.68957318057 3.9352
6df6df6df -7.01944858014 -2.39324121035 4.0316
6df6df6df-6df -7.06380313583 -2.75052668042 3.7894
6df6df6df-6df- -7.02189760468 -2.80522156197 3.7370
6df6df6df6df -7.00829191275 -2.57283634382 3.9101
6df6df6df6df- -7.06978964027 -2.78590147943 3.7799
6dh6dh -6.38351853936 -1.56356611651 4.1746
6dh6dh- -6.32147658417 -1.69064327913 3.9808
6dh6dh-4dh6dh -6.19712055993 -1.91622565131 3.7258
6dh6dh-6dh -6.34678317115 -1.92411695263 3.8376
6dh6dh-6dh-6dh -6.28202007757 -2.11786200571 3.6393
6dh6dh-6dh-6dh- -6.26351633655 -2.04248647242 3.6905
6dh6dh-6dh6dh- -6.35902829389 -2.07677281608 3.7391
6dh6dh6dh -6.29045560657 -1.93173614011 3.7721
6dh6dh6dh-6dh -6.35576292783 -2.07078631163 3.7402
6dh6dh6dh-6dh- -6.30678243688 -2.06398346567 3.6612
6dh6dh6dh6dh -6.28392487444 -2.07840549911 3.6582
6dh6dh6dh6dh- -6.28229219141 -2.11813411954 3.6393
6di6di -7.31278729813 -1.97500224045 4.5119
6di6di- -7.31305941197 -1.97527435429 4.5108
6di6di-4di6di -7.13564118921 -2.17337322878 4.4016
6di6di-6di -7.2850316866 -2.16330501675 4.4651
6di6di-6di-6di -7.25183379829 -2.31323974181 4.4019
6di6di-6di-6di- -7.2526501398 -2.35623372831 4.3563
6di6di-6di6di- -7.28312688973 -2.2955523423 4.4212
6di6di6di-6di -7.23877233404 -2.31541665252 4.3669
6di6di6di-6di- -7.21264940553 -2.35215202073 4.3138
6di6di6di6di -7.25183379829 -2.35650584215 4.3556
6di6di6di6di- -7.25183379829 -2.31323974181 4.4019
6dl6dl -6.69508888454 -1.82016946629 4.3154
6dl6dl- -6.73372904962 -1.82914922297 4.3222
6dl6dl6dl -6.60365863478 -2.13799842976 3.9756
6dl6dl6dl6dl -6.54624261484 -2.34262803638 3.7222
6dl6dl6dl6dl- -6.5805289585 -2.20684323092 3.8717
6ea6ea -6.38270219785 -1.32220114168 4.4393
6ea6ea- -6.38814447462 -1.4993472506 4.3674
6ea6ea-4ea6ea -6.04936274558 -1.71622197996 3.8639
6ea6ea-6ea -6.17861681891 -1.97391378509 3.8360
6ea6ea-6ea-6ea -6.13290169403 -1.87921816927 3.8010
6ea6ea-6ea-6ea- -6.16283421627 -1.82343483236 3.8846
6ea6ea-6ea6ea- -6.11766331907 -1.95649849943 3.7267
6ea6ea6ea -6.25018275846 -1.56928050712 4.1813
6ea6ea6ea-6ea -6.12337770968 -1.88901426746 3.7863
6ea6ea6ea-6ea- -6.14405836141 -1.84057800419 3.8492
6ea6ea6ea6ea -6.17616779436 -1.70506531257 3.9916
6ea6ea6ea6ea- -6.14705161363 -1.78261775657 3.8913
6ed6ed -7.13101525396 -2.57093154695 4.0189
6ed6ed6ed -7.0727828925 -2.76413237235 3.8265
6ed6ed6ed6ed -7.03087736136 -2.88658359971 3.7198
6ee -6.47113919539 -1.65118677253 4.3360
6ee6ee -6.30025170476 -1.82996556448 3.9627
6ee6ee6ee -6.20800511348 -1.93364093698 3.8340
6ee6ee6ee6ee -6.15113332121 -2.00384630734 3.7372
6ef6ef -6.07222030802 -1.28764268418 4.1509
6ef6ef- -6.16283421627 -1.47131952523 4.1135
6ef6ef-4ef6ef -5.691260934 -1.62370327484 3.5790
6ef6ef-6ef -6.01344371889 -1.60955335523 3.8893
6ef6ef-6ef-6ef -5.83112744704 -1.74697084372 3.6143
6ef6ef-6ef-6ef- -5.7568403691 -1.79431865163 3.5315
6ef6ef-6ef6ef- -6.00691298676 -1.75894385261 3.7365
6ef6ef6ef -6.02949843536 -1.55377001832 3.8994
6ef6ef6ef-6ef -6.0262330693 -1.84792507783 3.6682
6ef6ef6ef-6ef- -5.9641911141 -1.90479687009 3.5792
6ef6ef6ef6ef -6.00908989747 -1.70424897106 3.7756
6ef6ef6ef6ef- -6.0466416072 -1.86833361572 3.6783
6eh6eh -5.56119051916 -0.996208763059 3.9510
6eh6eh- -5.56037417764 -0.995392421544 3.9513
6eh6eh-4eh6eh -5.3026823725 -1.12110901497 3.6402
6eh6eh-6eh -5.54976173794 -1.15566747247 3.8192
6eh6eh-6eh-6eh -5.48799189658 -1.24519292536 3.6821
6eh6eh-6eh-6eh- -5.50186970235 -1.18287885633 3.7535
6eh6eh-6eh6eh- -5.46377376495 -1.24328812849 3.6821
6eh6eh6eh -5.51738019115 -1.18750479158 3.7632
6eh6eh6eh-6eh -5.50948888983 -1.23648528253 3.7010
6eh6eh6eh-6eh- -5.49452262871 -1.22750552586 3.6951
6eh6eh6eh6eh -5.49533897022 -1.29743878237 3.6532
6eh6eh6eh6eh- -5.50186970235 -1.19974991432 3.7166
6ei6ei -6.35603504167 -1.18559999471 4.4782
6ei6ei- -6.35603504167 -1.18559999471 4.4782
6ei6ei-4ei6ei -6.14378624757 -1.2454650392 4.3515
6ei6ei-6ei -6.29807479405 -1.25063520214 4.4335
6ei6ei-6ei-6ei -6.26514901958 -1.31077236046 4.3980
6ei6ei-6ei-6ei- -6.23222324511 -1.41989000974 4.2830
6ei6ei-6ei6ei- -6.23222324511 -1.41989000974 4.2830
6ei6ei6ei -6.28093162222 -1.30886756359 4.4118
6ei6ei6ei-6ei -6.26514901958 -1.31077236046 4.3980
6ei6ei6ei-6ei- -6.24392414017 -1.3646509005 4.3345
6ei6ei6ei6ei -6.23222324511 -1.4196178959 4.2830
6ei6ei6ei6ei- -6.25181544149 -1.37771236476 4.3388
6el6el -5.79330362347 -1.06777470261 4.1225
6el6el- -5.87847525495 -1.06777470261 4.2330
6el6el6el -5.6567024765 -1.28954748105 3.8501
6el6el6el6el -5.57778946331 -1.39621610578 3.7047
6el6el6el6el- -5.59629320434 -1.35539902999 3.7323
6fa6fa -5.87330509202 -1.49472131535 3.9494
6fa6fa- -5.95303444672 -1.26015918649 4.2851
6fa6fa-4fa6fa -5.77616045164 -1.55132099377 3.7874
6fa6fa-6fa -5.93507493338 -1.73309303795 3.7978
6fa6fa-6fa-6fa -5.837930293 -1.78561100879 3.6276
6fa6fa-6fa-6fa- -5.66813125772 -1.55866806741 3.6816
6fa6fa-6fa6fa- -5.70296182906 -1.82561174307 3.4763
6fa6fa6fa -5.65887938721 -1.94670240124 3.3649
6fa6fa6fa-6fa -5.70078491835 -1.960580207 3.3675
6fa6fa6fa-6fa- -5.52853685853 -1.75567848655 3.4010
6fa6fa6fa6fa -5.53506759066 -2.20276152334 3.0093
6fa6fa6fa6fa- -5.47248140778 -1.99922037208 3.1331
6fd6fd -6.69155140464 -2.53773365864 3.7024
6fd6fd- -6.89237141752 -2.02098947917 4.3298
6fd6fd-4fd6fd -6.91223572773 -2.43242560311 3.9653
6fd6fd-6fd -6.95142012049 -2.5733805715 3.8433
6fd6fd-6fd-6fd -6.94325670533 -2.66589927662 3.7610
6fd6fd-6fd-6fd- -6.83060157616 -2.4838551186 3.8300
6fd6fd-6fd6fd- -6.814002632 -2.69991350644 3.6285
6fd6fd6fd -6.56093676212 -3.07080466843 3.1221
6fd6fd6fd-6fd -6.83849287748 -2.9380131152 3.4540
6fd6fd6fd-6fd- -6.69590522606 -2.78590147943 3.4558
6fd6fd6fd6fd -6.47522090297 -3.38455192432 2.7692
6fd6fd6fd6fd- -6.57290977102 -3.1263158915 3.0545
6fe6fe -5.78024215922 -1.7545900312 3.5533
6fe6fe- -5.96772859401 -1.23512471334 4.1853
6fe6fe-4fe6fe -5.89425785759 -1.55104887993 3.8297
6fe6fe-6fe -5.96718436633 -1.70016726348 3.7580
6fe6fe-6fe-6fe -5.93589127489 -1.78833214718 3.6462
6fe6fe-6fe-6fe- -5.79384785115 -1.58669579279 3.6930
6fe6fe-6fe6fe- -5.81262370601 -1.77608702444 3.5614
6fe6fe6fe -5.56010206381 -2.24249014378 2.9588
6fe6fe6fe-6fe -5.79847378641 -2.02779232513 3.3219
6fe6fe6fe-6fe- -5.65370922428 -1.87785760007 3.3206
6fe6fe6fe6fe -5.44091620251 -2.50127040427 2.6279
6fe6fe6fe6fe- -5.53071376924 -2.23759209468 2.9066
6ff -5.84908696038 -0.631304105517 4.7196
6ff6ff -5.5734356419 -1.57635546692 3.5526
6ff6ff- -5.63983141851 -1.29172439176 3.8768
6ff6ff-4ff6ff -5.45969205737 -1.59322652491 3.4155
6ff6ff-6ff -5.59275572444 -1.73717474553 3.3973
6ff6ff-6ff-6ff -5.47411409081 -1.81744832791 3.2289
6ff6ff-6ff-6ff- -5.33288700859 -1.65499636627 3.2477
6ff6ff-6ff6ff- -5.44635847928 -1.82207426316 3.1824
6ff6ff6ff -5.45234498373 -2.03513939878 3.0426
6ff6ff6ff-6ff -5.48472653052 -2.00302996582 3.0704
6ff6ff6ff-6ff- -5.35193497729 -1.8498298747 3.0914
6ff6ff6ff6ff -5.37778579195 -2.30181096059 2.7379
6ff6ff6ff6ff- -5.34050619607 -2.09418810175 2.8682
6fh6fh -4.99818698713 -1.27893504135 3.2590
6fh6fh- -5.12308723904 -0.881920950854 3.7206
6fh6fh-4fh6fh -5.05669146242 -1.16110974924 3.4062
6fh6fh-6fh -5.08907300922 -1.35458268848 3.2631
6fh6fh-6fh-6fh -5.08880089538 -1.42152269277 3.1980
6fh6fh-6fh-6fh- -4.96798235104 -1.16247031843 3.3052
6fh6fh-6fh6fh- -4.92907007213 -1.39839301649 3.0671
6fh6fh6fh -4.81641494295 -1.70179994651 2.7465
6fh6fh6fh-6fh -4.94022673951 -1.58152562986 2.9270
6fh6fh6fh-6fh- -4.78158437161 -1.3766239094 2.9610
6fh6fh6fh6fh -4.69750119549 -1.95160045033 2.4345
6fh6fh6fh6fh- -4.6841676174 -1.71132393086 2.6013
6fi6fi -5.69942434916 -1.36084130676 3.8241
6fi6fi- -5.91956444458 -0.872669080342 4.4952
6fi6fi-4fi6fi -5.84173988674 -1.01444039024 4.2629
6fi6fi-6fi -5.98079005826 -1.27566967529 4.1487
6fi6fi-6fi-6fi -5.88772712546 -1.32546650775 4.0190
6fi6fi-6fi-6fi- -5.72990109908 -1.09933990788 4.0730
6fi6fi-6fi6fi- -5.81099102298 -1.29635032702 3.9706
6fi6fi6fi -5.47737945688 -1.79785613153 3.2719
6fi6fi6fi-6fi -5.67956003894 -1.58179774369 3.6164
6fi6fi6fi-6fi- -5.5078562068 -1.41852944054 3.6106
6fi6fi6fi6fi -5.35900993709 -2.038132651 2.9546
6fi6fi6fi6fi- -5.3682618076 -1.80112149759 3.1656
6fl6fl -5.15057073674 -1.4315909048 3.3508
6fl6fl- -5.44064408867 -0.881376723177 4.0387
6fl6fl6fl -4.90485194049 -1.85037410238 2.7677
6fl6fl6fl6fl -4.75029128018 -2.0930996464 2.4052
6fl6fl6fl6fl- -4.91573649404 -1.86289133895 2.7314
6ha6ha -5.24281732802 -0.955119573433 3.7503
6ha6ha- -5.4373787226 -0.89607087046 4.0094
6ha6ha-4ha6ha -5.0142417036 -1.25526113739 3.2848
6ha6ha-6ha -5.27356619178 -1.20111048351 3.6019
6ha6ha-6ha-6ha -5.08308650477 -1.42043423741 3.2160
6ha6ha-6ha-6ha- -4.99410527955 -1.45608115027 3.1142
6ha6ha-6ha6ha- -5.18104748666 -1.36573935586 3.3617
6ha6ha6ha -5.05750780394 -1.29934357924 3.3095
6ha6ha6ha-6ha -5.11818918994 -1.39893724417 3.2704
6ha6ha6ha-6ha- -5.03655503837 -1.43349570167 3.1727
6ha6ha6ha6ha -4.95845836669 -1.48492521716 3.0563
6ha6ha6ha6ha- -5.02948007856 -1.45172732885 3.1401
6hd6hd -6.10841144855 -1.87812971391 3.6427
6hd6hd- -6.20147438135 -1.68982693761 3.8580
6hd6hd-4hd6hd -6.03167534607 -2.18507412384 3.3215
6hd6hd-6hd -6.13535071857 -2.01799622695 3.5616
6hd6hd-6hd-6hd -6.06732225893 -2.33664153193 3.2567
6hd6hd-6hd-6hd- -5.94351046237 -2.38480568136 3.0987
6hd6hd-6hd6hd- -6.07793469863 -2.1967750189 3.4215
6hd6hd6hd -6.01453217424 -2.3004503914 3.2149
6hd6hd6hd-6hd -6.09262884592 -2.37963551843 3.2886
6hd6hd6hd-6hd- -5.97235452926 -2.41773145583 3.1298
6hd6hd6hd6hd -5.95303444672 -2.5352846341 2.9884
6hd6hd6hd6hd- -6.07657412944 -2.49392333063 3.1365
6he6he -5.29832855109 -1.19730088977 3.5330
6he6he- -5.44200465786 -1.02369226076 3.7994
6he6he-4he6he -5.18785033262 -1.38995748749 3.2804
6he6he-6he -5.3350639193 -1.26260821103 3.5442
6he6he-6he-6he -5.22893952225 -1.53825952952 3.2170
6he6he-6he-6he- -5.08907300922 -1.5959476633 3.0439
6he6he-6he6he- -5.27710367168 -1.39839301649 3.4370
6he6he6he -5.15410821664 -1.5352662773 3.1352
6he6he6he-6he -5.26649123197 -1.55322579064 3.2912
6he6he6he-6he- -5.13179488187 -1.59513132178 3.1189
6he6he6he6he -5.07084138203 -1.71975945986 2.9274
6he6he6he6he- -5.21914342406 -1.66832994436 3.0975
6hf6hf -5.10186235963 -1.07512177625 3.4954
6hf6hf- -5.21560594416 -1.03539315582 3.6790
6hf6hf-4hf6hf -4.86240218167 -1.39676033346 2.9821
6hf6hf-6hf -5.09261048912 -1.30206471763 3.2824
6hf6hf-6hf-6hf -4.86920502764 -1.56002863661 2.8951
6hf6hf-6hf-6hf- -4.65205818445 -1.63921376364 2.6376
6hf6hf-6hf6hf- -5.03056853392 -1.42206692044 3.1139
6hf6hf6hf -5.03274544463 -1.41852944054 3.1308
6hf6hf6hf-6hf -5.03138487544 -1.50832700728 3.0542
6hf6hf6hf-6hf- -4.9119269003 -1.59377075259 2.8858
6hf6hf6hf6hf -4.99845910097 -1.61254660745 2.9246
6hf6hf6hf6hf- -4.98947934429 -1.54887196923 2.9684
6hh -4.92825373061 -0.203541151262 4.2036
6hh6hh -4.66375907951 -0.789130131896 3.3276
6hh6hh6hh -4.52743004638 -1.08138039454 2.9698
6hh6hh6hh6hh -4.45123817157 -1.24628138072 2.7748
6hi6hi -5.2003675692 -0.815525174239 3.7567
6hi6hi- -5.42921530745 -0.583956297603 4.2168
6hi6hi-4hi6hi -5.01233690673 -0.870764283472 3.5624
6hi6hi-6hi -5.35166286345 -0.763007203392 4.0041
6hi6hi-6hi-6hi -5.14512845996 -1.03185567591 3.5529
6hi6hi-6hi-6hi- -5.02158877725 -1.13934064216 3.3660
6hi6hi-6hi6hi- -5.30649196624 -0.849539404062 3.9013
6hi6hi6hi -5.06376642223 -1.11104080294 3.4187
6hi6hi6hi-6hi -5.2180549687 -1.0416517741 3.6171
6hi6hi6hi-6hi- -5.07764422799 -1.10124470475 3.4956
6hi6hi6hi6hi -4.98349283984 -1.27512544761 3.2327
6hi6hi6hi6hi- -5.07791634183 -1.19430763755 3.3609
6hl6hl -4.75382876008 -0.931445669476 3.3061
6hl6hl- -4.95083917921 -0.69416240223 3.6687
6hl6hl6hl -4.54919915346 -1.23702951021 2.8884
6hl6hl6hl6hl -4.42783638145 -1.41227082226 2.6448
6hl6hl6hl6hl- -4.56743078065 -1.33199723987 2.8156
6ia6ia -6.35249756176 -1.02722974066 4.4957
6ia6ia- -6.33045634084 -1.04927096158 4.5449
6ia6ia-4ia6ia -5.90541452497 -1.33553471977 4.1104
6ia6ia-6ia -6.10677876552 -1.35431057464 4.2621
6ia6ia-6ia-6ia -5.99793323009 -1.5113202595 4.0260
6ia6ia-6ia-6ia- -6.00881778363 -1.51023180415 4.0333
6ia6ia-6ia6ia- -5.98976981493 -1.51730676395 4.0151
6ia6ia6ia -6.13154112483 -1.32764341846 4.2619
6ia6ia6ia-6ia -5.99004192877 -1.51023180415 4.0223
6ia6ia6ia-6ia- -5.99902168544 -1.51077603182 4.0268
6ia6ia6ia6ia -6.01262737737 -1.49200017696 4.0521
6ia6ia6ia6ia- -5.9987495716 -1.50016359212 4.0369
6id6id -7.21020038098 -2.04765663535 4.3322
6id6id- -7.23605119565 -2.02044525149 4.4231
6id6id-4id6id -7.03169370287 -2.36711828185 4.1812
6id6id-6id -7.16149200388 -2.25854486025 4.2705
6id6id-6id-6id -7.08040207998 -2.52140682833 4.0594
6id6id-6id-6id- -7.05455126531 -2.53691731713 4.0101
6id6id-6id6id- -7.11414419596 -2.41773145583 4.1884
6id6id6id -7.11169517142 -2.37228844478 4.1366
6id6id6id-6id -7.10625289464 -2.50671268104 4.1154
6id6id6id-6id- -7.06298679431 -2.53800577248 4.0299
6id6id6id6id -7.05291858228 -2.57229211614 3.9861
6id6id6id6id- -7.07740882775 -2.55705374118 4.0339
6ie6ie -6.25426446604 -1.26777837397 4.3803
6ie6ie- -6.29753056637 -1.23213146111 4.4744
6ie6ie-4ie6ie -6.04011087507 -1.42043423741 4.1346
6ie6ie-6ie -6.21480795944 -1.34315390726 4.3672
6ie6ie-6ie-6ie -6.12364982351 -1.55458635984 4.0863
6ie6ie-6ie-6ie- -6.05181177013 -1.59812457401 3.9726
6ie6ie-6ie6ie- -6.16419478546 -1.41662464367 4.2964
6ie6ie6ie -6.12419405119 -1.52764708982 4.0963
6ie6ie6ie-6ie -6.16011307789 -1.55404213216 4.1611
6ie6ie6ie-6ie- -6.0763020156 -1.59404286643 4.0175
6ie6ie6ie6ie -6.04201567194 -1.67785392871 3.8977
6ie6ie6ie6ie- -6.11467006684 -1.6460166096 3.9996
6if6if -6.01616485727 -1.08491787444 4.2924
6if6if- -6.10569031017 -1.01716152863 4.4544
6if6if-4if6if -5.63330068638 -1.30369740066 3.8233
6if6if-6if -5.92419037983 -1.21308349241 4.1589
6if6if-6if-6if -5.70568296745 -1.4732243221 3.7700
6if6if-6if-6if- -5.62132767749 -1.54696717236 3.6356
6if6if-6if6if- -5.9105846879 -1.33390203674 4.0400
6if6if6if -5.95439501592 -1.38233830001 3.9907
6if6if6if-6if -5.9416056655 -1.4541763534 3.9625
6if6if6if-6if- -5.8605157416 -1.56002863661 3.8169
6if6if6if6if -5.9260951767 -1.54859985539 3.8234
6if6if6if6if- -5.97752469219 -1.54479026165 3.8721
6ih6ih -5.44173254402 -0.724639152152 4.1156
6ih6ih- -5.47057661091 -0.58640532215 4.2760
6ih6ih-4ih6ih -5.20091179687 -0.763007203392 3.8824
6ih6ih-6ih -5.41506538784 -0.734435250341 4.0977
6ih6ih-6ih-6ih -5.35356766032 -0.937704287764 3.8553
6ih6ih-6ih-6ih- -5.3181928613 -0.989950144772 3.7729
6ih6ih-6ih6ih- -5.38213961337 -0.810627125144 4.0066
6ih6ih6ih -5.35220709113 -0.9499494105 3.8432
6ih6ih6ih-6ih -5.3647243277 -0.939064856957 3.8873
6ih6ih6ih-6ih- -5.34077830991 -0.97498388365 3.8243
6ih6ih6ih6ih -5.29506318502 -1.07484966241 3.6855
6ih6ih6ih6ih- -5.32771684565 -1.03566526965 3.7512
6ii -6.55712716838 -0.477831900555 4.8284
6ii6ii -6.26650958877 -0.784232082802 4.6186
6ii6ii6ii6ii -6.01725331263 -1.12491860871 4.2972
6il6il- -5.7962968757 -0.746680373077 4.4524
6il6il6il6il -5.3802348165 -1.29090805025 3.6502
6la6la6la6la -5.61289214849 -1.29852723773 3.8301
6ld6ld -6.74896742458 -1.83840109348 4.3489
6ld6ld6ld -6.69781002293 -2.13636574673 4.0264
6ld6ld6ld6ld -6.66787750068 -2.29990616372 3.8462
6le6le -5.86595801837 -1.14505503277 4.1718
6le6le6le -5.75112597849 -1.37254220182 3.8604
6le6le6le6le -5.68037638046 -1.49281651848 3.6812
6lf6lf -5.51384271125 -1.06042762897 3.8548
6lf6lf6lf -5.41669807087 -1.32002423098 3.5669
6lf6lf6lf6lf -5.35955416477 -1.46778204533 3.4142
6lh6lh -5.07573943112 -0.728176632053 3.7629
6lh6lh6lh -4.96798235104 -0.924370709673 3.4950
6lh6lh6lh6lh -4.90512405433 -1.02695762682 3.3469
6li6li -5.82078712117 -0.697427768293 4.5044
6li6li6li -5.68255329117 -0.883553633885 4.2172
6li6li6li6li -5.61044312394 -0.968997379201 4.0725
6ll -5.58568076463 -0.477831900555 4.6194
6ll6ll -5.29288627432 -0.866954689732 3.9088
6ll6ll6ll -5.12036610065 -1.07811502847 3.5588
6ll6ll6ll6ll -5.01260902057 -1.19158649916 3.3499
